18 3 46 71 90 82 91 42 17 82 7 37 52 40 69 69 48 44 39 89 28 30 90 6 32 95 42 56 81 70 98 99 26 44 22 16 78 13 10 95 47 17 33 51 57 54 20 57 98 60 47 78 42 37 37 74 84 79 83 65 49 81 17 27 77 39 95 55 53 5 50 52 22 35 4 80 89 24 37 39 36 36 70 78 73 7 53 58 86 88 75 87 69 92 15 98 84 10 53 89 
68 55 41 90 91 45 70 32 70 60 72 6 96 42 37 22 1 90 32 39 78 7 26 99 52 93 97 36 56 2 25 24 57 66 14 0 64 37 33 86 49 5 92 97 99 29 19 0 71 3 39 1 11 17 52 15 11 1 3 19 3 28 43 13 46 9 13 10 98 46 48 47 51 41 97 2 22 16 2 46 72 93 99 35 11 52 50 22 5 53 93 9 33 36 22 31 97 87 94 96 
34 42 95 37 83 92 40 58 61 94 56 33 88 55 68 99 59 70 73 65 23 66 26 8 54 48 39 3 87 33 99 21 76 47 11 11 91 51 21 4 45 77 89 85 33 9 84 44 79 9 9 54 27 35 62 81 35 54 85 23 87 36 96 15 35 7 27 27 10 0 31 8 78 21 93 63 30 30 7 62 39 69 16 67 4 31 0 92 37 37 15 24 74 63 92 9 71 71 88 33 
71 20 41 49 93 35 12 75 17 72 37 56 41 6 75 45 89 28 37 26 65 4 2 39 20 94 1 91 65 89 76 37 61 18 38 54 5 3 82 22 75 19 30 16 77 58 13 18 86 3 44 51 7 47 91 27 93 44 70 11 33 47 0 95 17 38 1 22 41 83 44 16 55 26 32 84 84 46 3 70 49 99 22 8 98 65 88 92 9 10 3 94 9 3 41 26 93 43 0 35 
78 96 51 85 23 36 22 7 34 25 78 35 76 52 95 75 17 83 67 26 46 22 72 7 77 14 34 70 9 86 5 39 83 9 77 6 97 99 13 83 76 43 18 52 95 13 27 12 49 46 90 47 68 63 54 45 29 40 16 38 27 73 77 10 34 54 16 31 5 81 66 81 25 84 86 72 50 13 85 51 60 27 98 80 42 52 78 23 45 46 61 72 19 91 34 6 97 50 89 3 
83 56 36 8 40 22 81 42 88 18 93 0 97 43 80 92 48 58 15 93 4 77 65 76 20 99 82 17 1 71 72 84 79 9 45 20 83 78 14 71 48 8 71 45 51 52 89 99 62 5 44 19 34 61 47 54 12 81 23 13 4 96 50 84 57 47 56 40 77 70 12 25 78 83 22 82 87 12 33 50 17 78 21 3 39 68 57 52 49 80 17 53 28 19 89 85 18 45 26 95 
16 38 20 94 73 95 28 61 59 62 63 28 92 84 31 83 52 88 87 53 20 57 58 49 76 48 34 95 93 12 42 61 50 15 8 76 10 36 37 21 50 0 49 42 36 80 78 40 20 65 45 92 22 3 41 51 3 28 98 49 40 40 10 43 55 18 19 17 55 8 38 57 60 39 0 96 19 78 88 91 95 33 84 18 36 77 69 92 5 67 41 98 59 51 41 15 70 12 84 77 
72 23 34 32 62 86 80 34 16 68 77 64 1 13 82 89 91 3 81 48 70 22 46 81 26 39 96 48 3 81 25 75 56 11 59 18 50 39 4 18 7 34 82 60 47 64 2 38 67 83 39 89 58 37 71 84 29 19 32 32 52 9 60 8 72 19 79 22 11 35 41 70 69 23 31 17 40 33 7 59 68 46 1 78 84 24 14 65 43 98 49 96 7 9 56 80 81 35 54 92 
71 95 62 40 71 45 57 11 30 17 70 99 63 71 29 99 95 44 64 91 42 14 87 2 75 43 82 8 31 88 0 2 84 15 94 55 60 4 66 43 21 88 42 36 12 23 36 7 67 52 98 62 18 37 64 46 33 98 54 16 86 55 70 70 22 64 77 34 20 95 77 41 84 71 30 96 95 18 55 62 70 6 24 41 95 88 87 28 86 41 44 25 48 14 95 22 31 73 57 51 
20 34 45 4 6 75 52 1 93 60 15 15 66 40 56 61 80 95 42 19 89 86 44 89 53 91 12 84 16 69 87 37 3 32 93 61 7 46 62 52 6 78 68 24 70 24 85 2 72 27 21 61 66 17 50 71 61 62 7 77 83 94 14 39 79 8 0 38 6 63 91 64 93 59 88 63 35 25 65 7 5 39 20 23 8 71 94 69 85 1 47 21 47 13 60 26 73 60 17 79 
23 8 95 68 19 35 31 6 13 49 66 18 40 86 93 0 9 87 70 47 40 69 68 39 82 28 18 8 88 35 39 64 95 35 32 66 22 16 72 35 65 90 5 57 77 98 57 38 37 79 85 29 48 53 69 83 81 87 43 22 74 82 86 69 69 18 35 92 34 59 79 51 50 37 60 27 87 18 17 25 49 3 54 50 56 75 33 90 62 76 12 36 10 98 57 80 68 92 72 55 
4 3 58 54 40 19 33 28 89 50 5 38 5 59 88 62 87 73 4 1 1 16 90 12 66 47 92 86 92 16 93 96 19 52 2 12 23 35 40 12 37 45 2 43 56 43 57 95 16 61 97 18 29 87 82 47 34 26 33 78 42 79 74 13 31 28 77 6 63 69 70 53 66 72 96 23 15 53 18 84 66 67 54 95 54 36 94 41 62 27 19 56 58 46 21 89 74 51 47 90 
20 17 43 87 90 91 62 57 96 32 41 62 0 47 9 54 83 3 47 97 82 67 5 93 65 79 82 39 30 82 81 50 99 76 89 41 67 51 99 15 84 92 77 84 40 38 90 75 93 38 25 28 57 30 21 22 61 55 13 91 37 95 94 89 23 83 30 91 87 81 6 71 74 36 7 66 26 97 93 72 87 18 0 44 1 73 18 62 80 32 6 70 79 0 59 2 35 41 45 22 
23 4 45 49 40 52 15 18 2 60 90 41 79 42 38 80 15 56 94 48 40 0 18 19 52 29 74 88 70 19 62 93 23 8 42 15 12 9 34 66 70 24 8 1 19 46 81 34 54 75 34 95 28 52 66 80 81 40 20 52 12 83 45 35 43 40 3 7 1 37 74 71 13 82 24 32 80 57 19 34 85 53 81 13 6 48 93 39 88 14 91 0 49 89 88 92 81 91 99 82 
80 73 6 45 7 30 78 39 88 97 26 73 2 7 86 60 55 31 0 96 97 43 48 46 84 88 38 65 31 90 48 11 15 54 57 75 36 87 14 24 36 40 49 38 0 87 51 7 19 51 3 16 94 4 63 79 92 53 96 76 95 44 39 11 50 48 86 39 35 52 15 23 93 65 14 93 52 65 0 23 68 56 92 62 12 7 93 56 60 90 32 8 86 72 19 89 72 5 28 8 
57 95 83 2 60 97 47 65 14 0 88 82 8 80 97 20 39 90 76 0 32 61 8 71 33 79 12 5 36 92 65 45 87 1 0 48 98 47 13 13 99 53 95 7 86 92 27 25 35 56 77 19 17 37 42 2 16 54 59 4 46 25 50 34 26 50 82 76 49 47 41 49 52 89 8 90 33 36 16 20 44 45 40 61 83 82 63 51 37 74 56 83 51 58 69 29 60 3 6 9 
50 99 10 55 88 19 45 22 7 13 42 51 59 34 64 42 17 79 45 6 53 53 41 5 11 11 34 23 66 40 33 17 40 95 24 80 14 69 54 21 35 97 24 94 83 88 88 0 67 33 58 21 39 52 26 2 63 60 26 29 53 11 98 45 6 74 25 73 96 32 94 31 29 19 25 12 7 65 65 75 50 75 96 89 27 74 92 42 86 70 24 39 81 74 36 87 49 14 60 45 
46 7 28 27 78 53 91 37 70 8 12 20 84 60 10 63 86 54 6 73 24 30 64 57 4 1 96 5 67 57 2 65 16 30 92 94 35 83 31 5 44 96 26 80 8 88 43 95 42 49 20 18 31 84 75 88 37 71 93 56 80 48 21 48 78 13 94 14 49 78 19 93 26 97 25 34 37 68 81 31 70 1 49 53 38 76 41 27 0 87 84 80 35 5 81 65 71 75 79 72 
53 51 17 79 0 42 66 38 10 47 69 32 1 71 86 91 47 27 70 47 66 54 80 53 12 61 19 35 88 98 7 42 1 76 73 2 18 39 40 80 39 61 13 92 32 99 35 32 78 5 79 97 12 11 50 24 72 21 11 13 20 70 55 73 46 80 27 16 72 19 96 63 81 61 7 65 12 42 97 91 99 29 40 11 40 90 87 65 12 98 78 84 68 85 9 66 65 37 82 89 
56 79 52 89 92 59 55 5 53 52 48 53 81 88 64 74 30 4 39 94 2 69 30 23 54 40 41 71 29 24 61 85 55 13 75 47 25 82 52 78 34 52 31 68 40 48 42 23 52 33 69 6 2 0 29 8 92 23 79 21 47 40 58 2 6 85 1 31 67 6 9 54 58 41 74 51 41 16 26 93 1 95 99 55 95 81 63 39 4 94 12 51 35 71 5 93 8 58 24 28 
64 85 34 75 78 8 78 19 76 4 12 77 99 64 32 47 45 47 38 49 41 51 52 28 74 9 21 34 19 97 62 36 35 96 11 13 4 41 85 80 45 97 9 96 61 93 95 58 40 34 59 82 37 11 62 11 72 84 97 92 33 60 28 68 8 91 82 65 32 19 97 29 16 7 77 30 52 73 40 93 59 0 27 96 63 89 59 36 25 56 80 11 68 60 79 29 3 13 94 87 
32 91 16 1 50 93 83 55 18 23 0 77 23 27 73 87 68 84 23 46 41 55 57 61 15 88 90 70 2 84 57 86 28 25 87 30 18 70 85 89 94 85 66 17 64 92 4 85 76 79 31 17 86 40 31 53 28 21 23 30 58 80 17 86 5 56 68 76 27 54 65 73 91 83 90 8 75 47 93 52 78 24 21 65 64 52 70 92 74 94 75 32 26 44 70 32 0 38 60 79 
44 77 52 88 60 95 96 36 94 89 88 72 13 9 89 29 14 60 73 88 6 48 72 32 44 94 16 45 32 76 24 29 53 29 17 14 24 13 50 18 54 90 42 19 51 84 48 65 96 73 53 2 74 77 34 18 71 51 63 56 79 40 85 33 69 54 99 45 67 1 15 73 43 57 92 94 93 40 60 89 65 65 91 39 43 78 58 66 81 73 22 60 65 7 45 86 13 96 31 32 
97 46 5 40 56 97 35 49 89 47 39 55 12 82 46 7 12 4 74 93 30 48 6 95 56 3 34 21 0 17 54 49 16 59 90 72 57 77 73 98 76 64 5 40 47 52 48 11 56 74 5 38 22 63 34 30 66 20 52 18 37 6 68 53 65 10 25 74 39 51 25 15 15 30 55 62 82 55 74 91 29 31 29 52 46 15 82 64 35 34 83 73 92 3 26 10 13 4 36 4 
55 61 19 70 92 26 85 26 82 11 17 11 94 47 15 92 62 98 56 98 84 91 23 77 94 1 39 59 5 75 63 12 37 34 35 81 61 72 7 95 35 25 58 81 24 74 73 86 24 81 36 60 73 59 89 19 61 28 79 18 4 94 83 93 29 18 26 42 42 33 89 77 10 47 58 86 73 31 73 49 12 61 62 37 73 51 57 86 32 88 4 36 82 39 81 11 57 7 5 99 
92 94 28 3 42 86 89 67 69 14 17 34 28 79 71 1 82 80 39 14 68 95 2 51 35 83 14 92 42 20 44 35 14 24 90 8 11 31 76 32 46 45 66 26 76 90 79 58 70 18 73 91 13 75 42 48 11 56 93 53 76 37 88 43 13 30 51 24 62 27 9 8 72 27 86 0 17 65 59 40 83 84 31 96 11 25 45 22 81 38 28 10 27 68 53 40 99 4 17 61 
84 26 21 8 53 7 9 23 72 20 15 7 4 98 3 15 23 0 90 56 90 70 18 17 38 71 10 89 28 79 50 64 57 23 24 62 30 33 85 54 53 52 13 9 50 17 77 73 69 67 82 60 37 0 29 27 24 39 17 4 70 19 68 27 43 92 90 25 78 27 32 83 80 45 93 30 62 70 56 32 89 38 44 78 38 73 5 62 65 22 66 35 42 86 63 37 79 53 62 9 
32 94 44 12 40 37 95 54 59 51 38 0 89 82 78 79 56 36 42 21 58 60 56 52 47 71 89 78 76 4 39 9 98 83 21 90 73 68 45 32 19 35 85 60 18 63 40 26 51 82 99 62 94 7 14 93 79 56 71 55 60 10 16 10 46 90 1 19 58 98 3 78 85 88 38 55 4 78 81 55 12 80 17 59 88 84 52 19 40 24 74 52 86 91 14 32 81 67 51 39 
17 7 69 3 95 8 58 99 38 40 7 3 72 24 62 12 60 14 31 52 90 58 56 29 49 71 13 82 38 17 73 56 24 95 59 19 55 17 71 93 9 78 48 34 54 10 46 67 77 78 19 19 36 76 48 37 47 62 71 37 79 96 93 3 91 4 74 46 74 45 92 35 75 92 69 82 55 16 49 32 46 68 51 34 96 52 23 95 14 94 33 45 42 78 0 34 83 74 32 9 
72 76 44 99 69 14 81 24 82 82 8 80 3 11 14 99 63 37 95 29 83 80 26 25 58 26 11 93 1 44 2 25 72 99 24 41 65 6 17 47 88 77 27 43 89 41 43 4 30 90 34 13 70 60 38 28 39 50 22 40 46 76 17 70 75 41 64 40 47 81 39 88 59 66 31 0 59 26 4 89 68 90 54 38 3 93 19 42 95 41 34 93 69 51 63 45 92 27 37 92 
61 77 32 72 43 63 72 55 42 28 96 10 19 51 1 22 96 20 64 43 13 50 88 82 1 51 79 93 31 17 85 44 94 69 16 89 33 40 44 27 68 93 89 39 44 90 61 92 10 77 35 23 27 23 6 28 26 85 74 9 54 11 53 48 81 21 90 66 13 86 93 34 79 34 73 75 25 35 67 35 64 54 59 92 29 17 72 56 54 46 17 9 10 23 9 91 44 99 9 10 
38 54 44 17 88 17 93 13 4 12 49 21 67 60 13 96 29 37 4 83 36 74 44 46 97 6 89 93 57 50 3 95 4 99 65 92 69 58 58 73 22 7 46 89 19 59 38 48 49 94 83 85 68 80 83 65 38 24 59 95 74 14 43 78 14 8 22 83 18 80 8 40 39 55 82 58 66 20 58 15 14 94 52 35 74 35 0 12 59 11 59 33 78 2 63 92 62 86 27 80 
66 35 21 6 90 55 16 9 75 75 24 41 69 77 28 95 64 29 59 24 92 18 9 70 73 73 14 35 59 41 16 77 29 89 83 19 44 0 28 71 27 5 12 48 34 41 95 98 22 54 22 66 72 32 89 97 57 3 33 16 97 49 93 26 90 29 97 34 81 78 5 60 83 69 8 17 62 3 15 36 9 90 3 81 74 44 79 31 99 64 99 96 13 44 74 3 73 72 89 6 
50 94 66 85 15 26 54 78 81 69 14 90 11 17 24 85 13 55 16 13 19 15 9 84 12 84 39 85 8 28 44 10 74 10 95 89 37 49 67 70 70 82 61 82 51 85 67 65 40 36 78 59 3 39 95 15 75 34 53 35 62 97 45 36 59 92 25 48 93 45 19 64 27 80 98 30 65 17 47 57 53 77 68 9 69 63 24 44 97 77 32 11 26 77 47 86 22 24 34 15 
69 53 31 48 33 29 31 50 47 78 59 52 56 27 61 25 42 38 21 91 67 53 2 94 83 1 80 5 78 14 72 47 20 4 48 5 33 79 56 32 57 67 37 65 95 98 90 89 36 64 81 4 69 83 50 52 37 30 9 15 96 82 14 16 86 62 74 71 41 30 56 51 49 93 16 44 43 59 86 32 23 67 88 44 2 38 97 39 20 58 6 68 40 21 37 78 83 11 2 77 
93 10 28 42 3 44 39 98 55 25 30 78 92 18 75 46 8 72 38 80 30 44 49 23 17 86 53 1 97 55 78 90 65 58 84 20 2 23 19 58 48 1 88 92 72 63 91 80 87 29 61 70 25 10 45 43 48 98 96 45 54 74 87 71 84 71 92 86 95 63 96 95 64 37 40 36 52 31 69 92 60 82 62 37 44 7 80 92 5 76 89 11 2 76 83 86 99 27 25 94 
42 73 42 58 10 82 95 15 13 16 7 25 50 69 62 94 28 43 38 33 71 27 97 74 55 32 60 54 11 85 1 53 59 43 11 21 77 58 36 90 26 43 67 76 64 29 70 92 24 8 26 96 87 23 70 42 7 82 49 18 20 2 71 79 97 34 52 74 93 89 16 19 84 83 48 49 64 18 41 89 79 19 37 18 94 7 13 1 41 62 19 61 64 42 92 61 77 45 87 22 
86 3 93 22 38 41 71 2 12 65 43 91 84 80 61 79 39 74 32 81 88 52 42 4 94 87 17 23 84 4 45 70 59 39 92 97 80 16 0 92 81 43 35 17 76 97 96 15 23 29 96 64 33 91 68 79 78 38 3 62 42 48 84 54 87 28 51 68 96 3 12 77 99 48 95 75 97 43 90 72 24 39 36 57 82 57 37 12 95 40 26 89 40 10 43 80 90 47 0 87 
50 12 16 1 12 11 76 9 7 19 34 31 10 70 41 92 27 78 4 22 70 30 64 62 92 7 42 34 54 42 21 57 55 38 58 19 1 87 81 60 58 15 92 20 37 85 12 65 15 68 39 37 50 3 99 94 63 42 28 69 36 2 26 43 40 37 63 93 76 44 6 34 59 50 54 96 35 18 13 50 38 5 87 40 60 38 34 23 80 62 93 69 64 71 12 56 8 75 2 84 
71 8 70 82 10 76 79 45 46 44 47 84 49 34 24 10 72 10 85 5 25 30 26 89 2 38 98 62 66 52 99 37 12 69 20 22 98 51 67 44 95 66 29 97 0 5 59 24 68 44 81 93 75 7 34 29 98 32 43 64 36 42 53 48 64 73 70 62 76 89 6 72 55 87 21 7 93 80 84 61 76 65 6 3 25 40 32 23 73 76 39 61 70 92 10 34 18 32 96 94 
22 3 18 29 90 39 37 35 19 73 48 96 38 54 99 15 95 84 90 20 12 29 81 82 74 91 17 92 24 13 86 98 68 5 27 59 96 16 94 16 89 95 64 80 49 15 95 44 99 86 64 11 67 98 46 41 41 15 85 17 80 72 15 49 29 95 60 25 63 6 93 5 1 57 85 51 73 32 95 24 70 12 88 90 62 34 31 3 49 17 21 29 41 88 30 22 83 90 99 99 
97 93 4 98 2 41 1 27 73 49 4 96 61 92 86 75 78 69 78 79 86 99 60 79 88 91 53 23 81 53 22 30 98 78 81 52 19 82 32 93 31 36 89 44 80 27 19 58 96 98 89 35 49 49 14 89 40 20 65 74 73 87 4 23 18 85 27 37 68 59 82 99 47 71 96 27 50 15 37 47 13 26 82 15 76 48 4 68 68 69 42 93 9 47 68 27 84 96 64 52 
7 47 4 55 70 0 34 21 15 72 20 81 50 2 96 78 2 52 47 71 22 89 16 83 88 85 10 73 33 26 77 40 73 33 95 96 85 82 69 53 54 41 34 56 43 82 35 97 34 82 20 8 23 37 91 12 74 1 85 7 28 14 99 53 48 95 1 33 29 22 38 83 63 72 91 58 6 26 56 93 8 76 1 32 65 93 96 91 46 33 50 26 47 50 32 47 97 85 33 26 
8 71 61 71 96 52 82 2 79 38 95 39 66 49 71 84 42 67 75 40 0 26 67 0 28 51 47 25 36 32 51 44 4 12 68 0 64 50 54 95 40 50 35 6 99 58 42 93 78 70 33 78 48 52 30 76 3 30 1 40 62 4 36 66 68 4 18 32 54 73 80 94 23 15 53 74 73 47 19 51 17 4 82 17 57 12 93 12 94 46 52 57 2 89 23 70 93 42 55 0 
15 35 46 90 50 99 16 75 99 87 27 16 91 61 34 48 25 79 13 20 78 65 77 80 6 52 51 52 46 6 4 13 93 50 3 43 2 71 70 1 58 49 69 2 10 55 2 88 35 15 8 13 33 37 45 39 89 96 43 88 54 47 1 47 98 57 42 52 28 13 53 39 62 74 41 25 30 43 13 17 11 73 82 44 62 27 35 3 76 79 91 30 78 93 30 28 50 72 80 30 
37 85 69 0 60 62 77 90 58 42 7 69 67 89 65 29 16 0 32 92 31 24 75 10 17 5 38 67 29 71 97 67 56 19 19 16 81 96 58 91 90 65 60 57 6 25 86 23 78 70 67 9 94 94 19 11 51 10 30 81 81 80 48 37 99 67 6 32 15 64 24 5 82 36 62 88 14 0 63 92 70 83 1 17 77 73 80 29 35 63 10 16 43 58 5 94 77 63 26 92 
28 2 97 10 39 11 98 53 63 62 97 85 97 50 2 74 23 35 55 10 98 65 26 41 75 84 87 52 47 13 44 27 68 93 89 7 56 40 12 19 54 9 57 51 59 11 25 35 46 81 45 44 98 24 37 74 60 24 78 59 90 23 87 58 68 28 17 25 68 29 96 22 90 53 73 1 65 51 88 11 84 86 8 82 10 97 56 22 22 35 81 64 10 20 74 78 49 91 55 69 
72 52 92 14 57 17 15 22 68 56 86 52 42 46 35 4 43 43 26 17 30 59 81 92 80 55 23 81 98 78 50 70 82 94 36 40 12 52 14 80 8 0 85 2 98 20 6 42 15 32 11 98 43 45 90 23 52 13 56 51 44 7 73 26 1 10 18 65 14 33 46 74 85 31 76 84 3 34 78 70 66 89 68 61 34 59 37 39 24 93 90 68 52 15 47 6 77 65 71 91 
98 69 17 84 0 93 68 55 79 98 26 97 87 94 59 74 5 96 13 30 89 55 98 42 70 45 0 48 11 71 91 61 41 9 45 93 54 65 1 34 63 27 31 3 73 90 29 79 86 42 9 28 97 7 22 19 5 22 19 68 45 11 29 38 72 27 84 26 92 85 12 8 12 44 63 37 86 92 16 25 86 25 53 35 85 75 54 42 49 74 10 94 37 39 33 9 66 17 87 11 
54 0 71 66 96 34 3 82 26 72 7 64 97 60 99 34 87 53 76 36 79 38 83 68 30 16 29 48 85 17 59 39 17 82 57 65 16 12 47 94 84 55 58 34 67 57 20 7 63 49 43 94 87 26 63 17 94 92 18 79 61 77 70 30 12 79 95 28 92 43 75 28 50 85 14 69 95 35 76 10 36 72 4 23 98 19 93 93 64 11 24 25 40 47 56 4 26 51 33 70 
46 60 99 48 45 65 18 92 52 46 2 88 18 59 64 17 78 9 62 94 72 38 20 64 37 28 69 64 31 54 86 30 14 37 78 11 3 96 4 55 95 58 96 13 17 60 30 48 69 44 42 41 35 14 5 72 94 74 88 26 28 75 8 94 64 86 6 67 35 62 75 30 72 23 43 90 83 26 90 4 22 32 97 57 99 54 30 93 29 70 71 9 45 79 56 62 18 14 81 53 
28 8 83 0 31 78 42 14 56 32 70 79 17 67 36 16 22 18 61 3 89 33 64 86 64 20 48 82 86 30 87 14 38 22 15 70 1 57 36 57 90 7 36 7 74 25 75 48 43 36 51 32 21 16 19 38 88 67 72 75 49 60 41 88 82 56 10 35 66 98 93 8 5 81 67 32 6 42 80 50 30 84 34 4 52 53 42 40 73 14 67 74 74 61 62 9 69 24 44 35 
23 89 95 80 71 62 12 29 56 45 31 39 81 18 43 33 23 37 25 96 51 45 71 78 6 85 39 75 62 83 63 85 73 58 17 96 73 82 77 81 27 61 20 60 79 15 93 2 52 70 99 56 15 22 86 73 59 25 49 21 8 64 58 33 22 28 29 47 10 59 81 37 20 1 49 99 69 94 1 21 64 52 29 32 26 15 5 86 40 6 59 49 70 70 34 45 98 16 44 8 
75 25 97 95 27 98 46 48 92 47 69 56 52 51 88 78 66 46 16 7 52 28 8 75 50 42 20 0 58 64 60 85 42 9 32 21 7 78 69 99 78 90 55 30 41 96 60 8 42 29 67 46 57 27 21 59 21 93 59 32 10 19 17 52 28 50 73 35 80 42 34 58 32 41 40 26 37 1 86 31 30 53 30 39 32 51 98 53 97 57 85 7 76 55 59 56 57 84 91 37 
26 77 48 10 18 88 36 8 89 74 91 71 27 21 62 59 25 60 65 22 69 50 81 97 57 92 53 14 76 96 52 54 73 0 16 44 40 53 4 82 27 95 53 7 69 16 18 94 28 83 68 98 86 49 95 95 41 49 10 17 45 14 23 71 66 39 67 6 44 71 88 24 18 94 31 39 10 1 85 38 37 53 88 23 54 84 70 95 85 80 64 82 94 87 5 60 27 72 67 71 
95 7 47 66 1 78 5 63 32 91 54 69 96 42 44 51 26 14 98 63 95 63 46 41 2 51 54 81 24 73 53 71 80 0 37 82 31 95 45 63 86 51 84 34 94 28 85 72 42 84 36 89 99 34 31 1 85 85 83 61 58 88 33 90 40 22 24 23 17 70 86 55 21 70 90 67 50 75 40 45 11 28 34 10 62 17 12 99 2 95 61 12 35 46 55 75 68 79 99 38 
1 37 93 75 60 83 42 10 11 34 55 74 62 42 85 76 59 97 76 14 44 89 78 31 87 33 6 7 13 5 45 66 95 91 41 55 74 36 17 37 70 73 12 85 15 49 13 26 98 89 40 42 30 19 73 17 4 31 25 69 89 70 36 84 13 77 39 40 13 56 77 36 81 41 73 48 90 86 75 88 28 67 82 58 38 7 28 43 91 53 12 80 75 48 64 89 78 55 29 91 
63 58 79 97 52 52 45 42 91 72 83 19 92 17 29 30 25 57 73 16 10 86 48 38 86 64 79 64 19 60 8 34 18 87 31 70 92 29 65 83 53 0 2 45 17 83 76 42 41 1 10 3 87 58 41 26 22 72 90 93 32 98 28 3 38 11 25 30 92 90 65 46 90 67 43 8 50 71 2 43 73 13 47 12 23 40 38 98 13 29 91 97 79 71 0 17 83 78 99 27 
20 64 25 63 83 69 71 86 92 25 29 65 90 28 30 66 69 20 64 34 49 55 83 81 27 36 50 62 14 50 89 34 14 15 97 50 36 20 36 28 98 65 46 88 46 28 6 67 48 70 53 50 26 36 31 5 72 81 19 38 83 60 25 98 75 22 48 63 95 36 44 93 53 42 33 99 70 40 66 18 62 19 68 88 56 51 45 80 85 64 71 68 25 96 18 52 70 18 68 65 
54 64 10 8 6 96 7 76 88 74 46 50 45 15 91 53 18 88 34 3 5 5 72 82 53 90 86 23 9 54 41 15 18 3 23 24 99 31 52 39 57 99 42 2 66 33 56 84 21 42 40 26 99 12 60 4 54 47 27 15 1 20 31 72 24 54 48 75 37 1 15 46 52 57 1 18 42 9 54 15 3 94 94 2 58 54 6 13 1 85 80 55 6 11 27 30 18 75 57 7 
28 72 54 32 81 7 2 75 16 57 91 19 3 37 73 14 91 31 79 45 16 59 0 74 23 79 56 41 6 14 48 87 38 54 19 72 61 22 47 77 79 90 48 34 79 21 48 23 4 27 68 73 87 20 47 10 99 56 3 5 70 3 92 60 58 12 32 71 86 32 1 65 74 49 51 54 23 52 77 79 79 97 52 18 17 0 80 16 56 35 73 78 39 18 38 49 30 23 20 16 
7 73 33 81 75 36 87 98 88 16 29 20 13 82 90 82 82 71 98 90 6 24 68 97 42 58 98 24 33 19 92 40 44 77 74 19 13 61 69 54 30 99 74 95 81 64 78 15 87 28 5 46 52 25 43 94 35 42 18 69 13 10 9 57 39 83 29 53 97 98 7 27 97 33 74 30 97 52 45 85 81 2 31 33 79 26 80 15 20 98 84 33 61 45 43 0 29 72 5 78 
70 12 57 20 97 31 50 95 84 48 32 17 50 15 50 30 41 30 97 62 81 81 47 94 26 90 46 7 62 52 37 85 16 94 57 14 26 7 61 62 7 93 79 58 8 81 40 1 64 37 63 97 70 11 91 48 53 37 8 16 41 45 53 58 92 10 24 18 69 85 32 77 78 63 87 38 44 79 39 60 68 3 57 38 66 0 38 19 38 98 87 79 44 40 89 36 50 13 6 72 
98 90 49 28 53 36 66 49 15 6 10 83 61 19 73 27 20 63 98 10 62 86 89 6 78 31 94 81 44 52 53 95 42 2 23 47 90 90 96 5 96 58 40 9 78 65 36 98 28 86 60 90 24 49 48 3 32 42 84 77 46 37 24 88 91 47 35 81 89 84 38 37 42 30 46 72 95 34 22 75 21 82 66 45 84 66 48 16 61 84 45 7 73 69 48 64 69 35 97 58 
19 87 96 62 69 42 86 16 77 9 92 50 91 10 95 75 76 96 44 37 32 89 97 6 59 45 22 28 80 72 38 52 11 34 66 81 77 52 97 54 61 89 56 5 99 51 32 28 99 76 17 32 66 66 90 77 11 64 57 44 36 95 96 48 30 14 29 59 66 78 65 80 68 21 85 19 24 17 47 24 46 17 8 12 83 98 41 47 62 50 91 51 97 39 51 79 53 80 38 71 
58 55 51 78 76 88 98 1 6 97 77 52 14 37 16 50 35 9 97 49 11 40 52 8 79 3 88 84 35 78 55 46 34 59 24 62 47 74 15 5 24 44 9 90 81 77 40 68 86 37 70 97 77 22 58 8 26 98 44 13 28 52 59 62 11 36 77 58 62 92 16 86 37 25 77 18 3 17 39 41 55 9 91 84 31 49 93 9 99 89 23 27 41 34 42 52 70 19 63 33 
63 79 71 0 4 48 71 7 18 10 1 25 71 92 9 2 41 54 12 40 44 87 67 85 73 9 90 44 80 53 29 44 32 52 96 88 1 19 48 19 81 49 96 52 41 5 55 34 12 19 26 8 58 45 93 31 7 83 27 87 88 8 31 20 61 80 61 62 99 9 33 81 58 81 33 51 86 40 85 50 11 11 58 69 56 4 1 15 39 28 3 28 37 86 0 98 66 13 12 18 
22 97 51 80 78 84 83 16 77 68 19 88 31 77 58 40 33 11 55 73 39 58 53 28 97 5 78 15 19 42 85 41 39 36 74 69 73 57 38 50 78 57 38 9 34 48 49 68 59 5 93 51 15 46 31 64 3 10 80 22 4 17 16 96 54 90 65 27 99 3 77 77 60 67 87 47 68 88 67 79 45 60 82 61 58 14 77 61 76 9 36 80 27 52 76 81 94 94 60 93 
97 89 71 10 56 10 9 76 98 76 56 44 88 38 57 46 4 34 59 80 96 47 13 23 99 89 56 93 83 16 87 33 5 10 95 13 20 4 90 70 80 98 66 68 88 23 66 93 10 77 25 6 25 38 81 76 80 37 70 15 5 9 0 10 19 95 75 91 99 17 61 31 15 80 51 56 3 17 1 65 47 26 71 72 17 4 48 49 93 70 64 98 79 17 60 50 12 36 93 64 
53 7 95 21 87 99 77 90 16 30 8 15 8 31 87 25 36 88 26 29 58 43 28 90 60 40 92 24 76 86 88 30 45 36 3 32 35 80 74 3 10 82 19 70 14 58 96 2 98 74 31 9 17 11 99 29 52 43 54 80 81 94 10 26 30 13 58 17 45 85 21 7 67 92 78 33 2 26 35 1 0 19 10 70 82 61 99 86 4 53 67 86 48 29 12 30 95 23 48 40 
8 21 0 75 65 30 61 67 56 96 68 8 67 78 78 50 39 30 36 96 83 3 82 83 33 94 66 28 69 14 20 77 87 72 5 52 2 66 71 58 62 40 19 30 70 49 32 62 79 68 58 15 24 40 98 9 86 16 89 56 30 9 85 69 82 90 73 36 56 45 47 71 37 66 53 7 15 85 69 95 5 79 62 29 19 12 38 58 29 79 66 11 89 51 81 23 42 54 11 98 
51 58 69 88 24 22 96 92 59 17 39 65 97 1 94 68 13 85 26 42 16 92 54 57 96 35 80 38 41 44 36 93 2 58 33 27 32 29 71 92 99 10 57 96 11 3 16 24 40 43 67 57 87 21 14 35 8 47 73 49 43 62 94 45 20 28 24 4 9 95 96 60 5 5 56 16 61 25 93 53 20 60 62 59 33 29 95 41 28 68 42 71 30 89 68 2 17 93 59 78 
88 7 39 46 13 47 62 26 72 55 31 92 67 46 52 0 27 99 93 55 67 88 78 50 77 46 4 46 39 63 24 80 71 15 26 36 63 40 14 87 48 45 32 15 43 36 68 70 35 13 25 2 1 55 4 78 2 9 24 93 72 1 73 43 16 51 79 31 92 45 71 40 91 3 7 34 91 27 57 26 41 82 80 94 90 85 73 92 46 49 37 18 2 11 14 71 62 45 2 6 
91 25 98 34 80 58 68 71 85 25 49 78 60 82 73 2 67 98 94 65 47 83 83 2 94 97 73 9 95 27 15 86 53 66 20 85 24 40 57 61 18 58 40 30 40 65 32 59 15 78 24 14 61 8 16 8 57 89 17 52 17 84 90 22 50 10 7 26 51 64 88 69 75 80 51 15 97 83 75 12 61 99 26 74 59 43 82 69 32 99 73 1 36 64 23 38 74 31 65 77 
47 5 98 22 85 49 38 34 84 13 46 97 64 72 72 76 15 54 45 0 6 18 1 42 82 25 80 9 8 97 86 55 2 37 78 39 86 16 73 23 81 19 20 97 92 92 73 59 47 18 11 53 37 65 47 71 42 27 80 50 25 19 5 27 8 83 67 46 99 40 69 32 12 90 30 56 82 3 15 81 22 79 86 11 44 33 34 86 13 67 36 38 38 41 17 46 77 36 92 76 
29 62 9 41 52 39 97 86 94 64 20 16 95 6 79 39 92 66 77 5 33 65 95 71 59 64 17 36 1 9 12 82 23 73 75 75 64 24 14 59 40 34 27 36 92 59 27 84 25 57 89 10 22 84 81 81 49 50 17 2 11 82 84 35 7 59 62 24 35 76 35 75 62 14 11 55 73 91 39 50 48 29 60 70 65 93 4 66 43 73 68 55 7 4 42 67 15 4 91 50 
81 26 26 95 92 89 50 18 32 90 68 80 71 81 3 88 74 59 55 70 32 75 77 40 80 19 7 47 23 50 98 56 28 76 52 20 17 54 38 50 44 59 30 67 92 85 56 18 44 63 88 29 38 17 21 70 36 28 18 60 30 68 68 58 44 72 30 13 27 21 63 23 80 46 91 24 83 99 42 28 62 83 57 52 0 78 23 89 58 93 49 40 61 69 50 57 42 80 70 69 
1 86 92 33 32 35 9 15 34 52 95 48 87 4 1 87 34 76 76 92 69 77 84 30 99 34 39 41 15 9 62 68 95 54 2 79 42 11 47 76 15 42 77 2 47 30 42 81 6 70 26 27 0 10 9 99 45 48 40 12 57 54 80 5 8 34 84 2 98 83 31 13 26 8 68 73 38 10 6 96 32 32 23 32 95 32 31 92 80 23 4 89 77 84 46 38 19 83 40 69 
66 23 82 92 31 50 17 21 12 76 17 45 60 40 29 55 72 61 47 4 36 3 94 66 40 92 4 11 75 96 80 42 20 62 86 3 65 4 25 29 80 42 74 92 83 56 48 7 69 47 12 5 3 58 23 43 50 27 54 26 76 34 20 48 96 6 51 13 10 28 43 42 71 69 35 6 25 35 65 94 34 29 52 37 87 75 80 90 55 34 68 83 20 88 31 69 94 34 82 57 
15 25 51 86 95 38 44 72 25 9 19 60 39 71 49 78 46 30 20 53 16 88 36 37 76 19 6 23 6 40 32 21 66 83 59 13 74 3 37 99 64 56 11 55 27 61 86 26 43 6 79 11 95 68 0 23 87 6 46 93 99 78 66 65 14 25 30 40 28 67 39 45 76 3 0 3 64 86 81 59 45 61 70 40 81 71 63 20 29 62 66 28 40 32 45 6 58 27 46 38 
95 38 83 71 41 36 26 57 74 8 68 19 21 38 11 54 61 75 74 43 89 40 71 81 73 69 88 83 96 86 21 91 76 57 14 69 45 93 26 71 53 46 43 74 37 54 28 98 81 2 93 70 95 65 52 68 34 92 51 30 78 24 74 7 81 40 76 78 85 55 50 38 1 45 12 38 99 92 89 33 47 82 55 42 99 7 62 33 51 65 16 82 89 42 89 23 34 65 1 20 
20 3 10 22 48 23 12 0 67 1 33 66 84 88 8 35 48 22 69 99 87 37 81 77 31 70 0 17 88 53 89 8 9 0 82 9 75 95 9 94 48 94 61 84 35 69 20 83 44 41 34 31 78 68 8 61 38 60 30 78 66 20 87 75 20 21 84 47 16 46 41 17 40 2 1 75 24 21 10 68 62 97 99 92 65 60 5 55 72 36 34 38 56 73 65 28 94 2 27 63 
48 68 80 40 23 81 68 47 3 78 67 17 75 18 10 92 78 15 48 51 51 82 41 59 55 7 39 49 9 18 12 9 87 92 49 62 26 17 61 29 48 28 46 75 46 8 68 77 24 68 80 27 50 21 39 57 80 30 6 89 49 71 50 88 15 0 50 41 69 11 22 69 91 69 97 37 77 17 66 53 85 46 33 87 20 72 44 0 54 2 42 3 73 92 91 41 44 93 34 66 
4 57 87 95 78 84 85 7 1 51 13 38 50 46 25 70 70 69 70 24 72 12 80 97 57 23 90 1 17 25 19 73 82 7 21 12 91 58 19 45 9 32 83 11 30 61 81 0 82 4 77 54 16 57 4 25 80 94 27 49 71 98 75 5 5 96 17 97 54 37 94 15 21 29 27 52 90 60 52 73 64 81 79 33 38 35 58 71 82 37 72 53 88 47 59 93 95 76 42 49 
65 36 17 39 18 96 91 60 56 95 85 73 77 17 58 67 52 68 38 34 58 63 40 46 10 99 39 6 27 34 7 45 70 24 84 40 20 75 1 29 22 38 54 99 55 12 67 60 32 57 94 90 20 86 88 83 37 80 89 65 14 48 10 36 73 94 77 45 21 30 26 43 68 80 43 24 44 62 84 29 71 30 19 44 69 60 27 6 40 68 71 54 16 33 90 89 27 19 87 0 
49 13 44 70 46 39 94 42 1 30 71 24 12 43 68 81 3 95 88 95 63 11 49 32 45 91 73 24 11 60 25 12 26 69 82 24 60 28 66 13 58 90 37 23 85 6 56 88 53 96 35 69 8 84 1 5 75 74 29 38 87 6 51 13 75 33 89 87 62 7 0 72 97 38 47 82 96 4 22 49 0 57 18 60 93 19 65 69 46 47 59 33 53 10 98 81 44 87 68 58 
94 69 30 44 7 78 26 3 34 1 4 34 58 23 47 4 94 64 25 92 11 84 25 65 95 75 98 91 62 66 49 9 35 31 53 94 61 31 49 95 32 54 82 43 29 29 47 75 45 72 20 57 8 97 74 3 73 72 46 87 38 47 96 26 31 1 72 92 33 74 88 17 80 22 60 61 3 59 36 48 83 8 5 92 6 79 47 79 3 46 18 94 93 15 20 24 68 44 17 1 
18 57 71 50 31 31 11 34 43 0 82 26 8 88 70 14 19 18 45 23 64 64 17 9 79 89 86 99 85 55 1 56 12 72 6 43 55 18 29 50 18 11 29 26 51 99 93 71 69 38 46 85 2 15 47 33 56 33 33 93 88 86 49 52 10 56 47 17 74 76 68 44 87 97 22 39 48 15 62 70 54 60 55 56 27 2 42 35 87 75 28 75 61 78 79 71 34 26 40 60 
2 8 56 42 57 78 33 6 94 47 76 0 7 83 8 86 38 50 21 25 25 49 53 38 27 32 61 13 59 2 25 13 10 81 55 68 12 88 26 58 35 54 58 94 37 66 80 75 17 1 53 94 51 6 85 78 38 46 44 97 48 69 63 11 3 18 31 15 59 9 73 94 63 31 89 0 49 21 28 18 23 81 13 74 87 50 4 77 96 48 27 97 70 90 8 73 8 91 88 67 
0 13 14 63 44 55 15 45 76 43 64 99 24 29 25 63 79 30 41 27 30 68 24 0 10 84 25 18 75 13 38 27 78 52 90 22 7 6 20 83 1 36 35 78 65 60 41 96 42 34 23 73 54 0 25 64 84 3 35 12 68 73 39 47 25 82 21 84 88 41 19 41 77 54 19 94 67 13 90 9 47 66 34 2 18 12 18 2 15 53 66 83 26 6 30 3 88 52 39 28 
45 59 69 23 65 89 69 32 2 12 94 1 78 28 55 96 92 74 50 7 79 17 43 58 75 25 13 63 29 53 43 75 64 12 50 29 53 19 14 7 31 60 61 61 88 16 9 33 42 60 40 22 29 35 32 4 61 45 19 42 50 62 69 66 26 19 96 80 91 62 39 74 22 0 36 62 69 97 95 11 9 88 85 38 75 69 94 88 15 13 31 17 27 0 84 54 20 32 86 63 
46 77 37 68 78 25 82 99 23 30 10 32 18 48 23 45 17 17 34 84 83 65 2 10 65 86 16 37 70 54 52 16 32 90 84 62 15 18 61 90 48 23 23 18 71 98 64 89 15 98 73 50 15 27 13 80 13 81 70 35 36 74 51 20 64 87 82 32 6 95 74 54 18 97 73 90 95 89 31 63 87 56 65 2 84 78 34 49 60 56 85 48 31 36 68 47 24 2 31 82 
97 6 36 67 55 61 9 3 2 40 66 89 97 83 43 33 62 30 82 74 86 67 74 69 4 94 17 80 96 0 62 45 6 50 64 62 64 74 65 66 66 83 8 15 66 51 48 80 81 31 6 20 98 80 89 54 74 58 34 22 59 48 19 65 99 84 79 15 10 44 81 76 27 89 92 46 93 92 26 26 23 33 46 74 65 88 28 92 98 15 14 57 15 34 75 14 70 54 81 80 
51 63 8 30 4 52 76 49 45 3 76 20 88 74 94 53 14 75 45 13 42 12 70 57 98 97 24 68 4 5 0 55 20 60 85 77 13 62 26 10 17 54 82 5 81 77 58 95 4 56 8 98 68 79 55 66 28 79 86 32 37 86 87 9 98 25 86 11 87 65 73 56 19 56 61 0 85 71 96 89 79 56 87 47 87 94 65 16 26 51 48 63 89 88 24 88 13 11 51 52 
28 25 8 47 81 21 0 66 92 48 7 24 56 46 71 44 40 37 60 18 40 8 33 82 48 58 70 61 69 73 65 97 98 73 96 31 46 48 49 91 48 56 15 5 54 86 49 47 75 61 65 68 21 99 50 70 57 72 83 78 45 49 27 96 74 75 27 21 76 77 12 24 85 27 81 40 65 82 87 93 43 52 61 65 51 63 35 60 35 18 38 32 19 17 28 94 93 56 15 69 
33 79 45 18 6 27 10 23 9 97 16 5 50 29 70 53 92 5 14 79 75 4 64 95 74 92 89 67 0 56 88 33 35 33 4 93 12 14 68 74 64 85 79 14 66 49 19 11 6 85 42 33 42 6 28 16 99 69 83 99 77 23 85 64 56 41 9 21 7 78 95 71 15 74 37 81 75 9 44 33 94 87 66 36 93 47 4 44 68 39 96 46 62 81 62 71 74 72 92 81 
2 87 5 17 13 94 50 40 3 95 73 50 34 91 86 27 38 43 24 59 82 20 5 45 53 19 16 27 91 8 60 93 47 65 62 12 12 13 52 15 60 77 65 94 20 4 73 11 47 97 70 29 17 27 26 70 46 94 49 90 2 10 35 1 27 98 65 39 63 69 55 23 46 72 69 19 76 42 30 75 92 52 57 9 79 35 32 77 30 81 67 84 43 3 86 71 53 51 10 16 
21 65 91 19 90 12 38 18 6 20 94 98 72 3 60 3 38 44 33 68 25 0 53 21 55 91 92 60 94 2 28 15 20 71 87 10 83 77 80 90 98 74 40 22 29 0 78 20 44 11 40 22 63 45 95 71 36 87 83 83 89 12 98 61 83 37 23 19 15 4 61 65 30 1 39 60 54 17 32 50 80 72 24 96 70 19 19 6 58 2 89 48 14 40 61 50 77 85 21 44 
41 82 9 71 35 1 83 41 18 15 44 51 40 20 99 10 40 18 68 98 20 10 98 87 50 12 37 79 97 10 24 90 92 85 61 79 86 45 73 57 12 17 60 52 37 59 14 29 77 83 80 97 93 30 36 95 42 73 26 91 83 50 81 27 88 43 59 26 40 32 35 4 1 95 57 90 54 23 20 83 6 0 33 51 82 69 46 25 95 73 68 30 75 50 10 15 45 69 42 37 
53 77 41 54 25 50 44 79 74 16 15 80 68 48 32 51 17 30 28 12 55 96 95 31 46 5 46 43 74 40 80 79 70 22 85 95 72 29 74 46 98 41 79 66 89 63 69 7 93 97 71 49 94 66 32 92 23 78 36 97 71 16 28 41 90 13 36 63 95 62 9 93 4 40 11 45 3 33 52 97 30 76 46 76 94 30 69 18 8 57 67 31 25 96 24 16 61 60 79 56 
