 256161  267275  286522  272883  250662  279037  247480  273892  264096  271904  265828  266539  233003  255658  277109  279331  259095  243358  284507  237748  275651  279924  269650  280595  219168  267228  270212  286276  250338  233020  274057  276920  267799  280901  257052  275544  232499  281421  276778  247919  236837  255199  275621  291471  247658  285868  282860  279540  297750  286860  269878  265240  255906  263234  278640  261104  275419  272658  278746  251401  238771  265772  268568  298366  257056  283563  279368  266121  262503  264265  272753  241088  279016  272020  253878  270797  252863  268656  286557  267580  276339  305951  267198  271914  268435  274477  268404  297121  266948  256942  284224  262880  269723  279163  279130  278025  232972  246202  270123  282889 

 200902  221328  242335  236230  216602  240667  199349  226437  222686  236385  216189  221906  200969  200994  220935  230097  234793  185997  240196  206090  249250  221451  222352  227200  172583  204104  204060  227491  214559  206243  236328  231697  207509  234236  215208  230249  189469  240913  230049  207576  175835  223086  224225  251343  202815  248545  231674  213419  253660  233548  216581  230224  207384  232707  210448  209680  232904  224308  223797  211661  175424  217699  214755  232159  218642  224904  224547  224932  222403  241353  220014  205701  232069  208589  200918  217501  207051  212926  229015  203405  209197  260005  224690  200899  228182  229421  222769  225619  212600  214855  240231  224644  224082  227470  235151  225595  204914  195754  202335  225267 

 239427  253776  265081  254976  242107  266577  213056  252245  250424  250021  231823  248737  216506  223264  248241  253295  237151  222113  252419  221565  261347  267897  234066  261665  202602  212879  240224  255403  231072  216344  258048  247063  233823  232809  242121  262812  208062  255252  240271  225522  224691  249043  242384  264102  214442  252496  250805  227354  279512  259618  232189  244363  215948  246823  237496  223330  244260  238818  259945  232061  190935  234749  237464  249101  229628  246076  253321  233753  234009  268686  236636  229920  264298  230283  230747  251751  226369  248589  254381  244800  246735  275943  242641  236451  244576  251186  248516  260679  234819  236046  250290  231961  237363  248655  249655  244062  225038  221923  234441  246328 

 229127  221549  242109  209144  219128  223376  203794  219859  229001  232904  225465  225765  209349  196664  214107  220878  225278  186404  241714  194757  216724  233780  230558  229428  199695  207105  205054  220476  198923  196642  233617  225652  207972  251699  208654  223369  194032  218171  243062  215080  196348  218233  222827  226708  188219  237564  215194  222609  254503  248273  225368  222107  204540  226515  211429  218255  220697  230468  229631  205357  197772  217575  200019  238351  207317  223041  216558  217873  214597  218265  220595  208467  221267  210720  195330  222429  205845  215129  246475  223283  206047  223931  231754  213893  203947  222757  226088  226901  208260  203732  225439  214932  223169  219695  225425  236475  213789  189979  215914  226724 

 237968  254016  266086  249282  231868  269742  232783  262301  247185  250407  248726  243301  229838  236198  233769  239841  246397  206010  256645  237086  255185  265525  243975  270940  216306  245381  234387  261697  222344  237027  259811  255178  244557  245225  242287  275050  225179  266860  265749  232755  202496  238268  255195  258936  233505  275281  245626  246958  277994  283488  221117  252348  233093  261951  239348  240283  264028  252058  252111  237499  212329  232396  261412  277310  241884  246439  252479  244186  242714  256834  258718  237600  262287  237763  239863  254490  242856  261195  272008  254043  242336  284250  260604  238232  249113  277057  244557  273591  254740  241685  274695  256616  253305  253261  234390  242327  218589  217507  240731  261724 

 250862  271067  264119  258297  247486  278357  225781  261482  257113  270390  254201  253373  243628  240963  250178  255675  257152  234554  283170  242818  266708  273716  262461  277722  215660  242036  244206  272372  245863  246449  268589  254378  238839  261705  259432  267264  216066  250674  288683  223141  225610  250345  255996  283797  250072  270569  250833  261796  284835  285714  234982  256076  237167  260289  240969  251778  251385  266842  273400  243254  218991  251196  263479  276673  255746  265485  267106  266690  247629  264286  263032  232996  253547  233351  240379  257338  242771  232764  287247  254645  248820  286148  264602  248780  259897  262856  243939  261116  233735  233879  254341  241036  257482  268387  268102  257644  225144  230190  250503  257487 

 239090  245486  262580  249085  241799  266344  213797  253228  231741  250201  241314  235958  228789  238022  264330  262209  264757  220668  265243  237151  276357  259233  232419  252229  205969  247887  235899  262138  228349  241165  266378  240102  242298  258404  242106  267427  214963  275701  259836  223060  215996  232786  264031  274313  226924  260219  252759  262996  271460  262111  256566  249011  247154  244744  231241  235443  249081  254040  252595  243332  213888  228692  236974  273279  238555  273277  251119  248108  235059  248232  250574  227211  254579  246266  239805  259802  225235  235238  254802  238522  251437  284131  233071  239791  242663  251830  248730  256871  261436  232799  276885  248004  257544  255507  254376  259261  235260  229013  259308  265409 

 239586  254640  250074  236754  227750  244209  218797  237483  238334  247869  235228  234428  217084  209849  245225  245376  229199  199362  248828  216664  238994  252845  230236  244527  202127  229991  229162  247883  222772  214826  233886  243154  233990  243176  235576  250447  203484  243461  240341  223891  217150  227565  251175  269775  230266  266968  239658  238856  262262  248350  230379  232288  226129  229979  225583  218295  230366  238257  240098  228740  189505  231641  227463  244361  226934  244948  251459  233974  234603  236072  235659  208560  260613  223884  233128  245274  227252  234749  231229  245355  248207  252659  244605  239403  241091  246072  240592  262141  217066  231612  251001  229947  239393  236807  217898  247505  197187  225726  243031  245918 

 255901  276836  270826  274311  261803  273650  238397  275119  272472  290810  250373  254438  256834  246320  253262  260825  253652  241522  281058  245828  268404  265572  263732  291364  243342  236906  252649  277477  245152  250508  271260  272213  245971  264694  259626  287500  230777  278352  300257  242273  227174  260266  277577  273527  257718  270662  246788  251527  296619  285155  250199  263418  232487  262064  252200  258125  247002  268416  263449  245005  227979  263260  253033  293644  246694  273060  264890  258290  250398  283335  262923  254825  271506  256120  253195  261414  263467  253391  284296  266520  270031  284060  282182  255553  250251  279633  263919  287201  243371  256038  269992  267744  282983  280534  262739  283309  242240  230806  265359  260910 

 242948  248387  262072  235165  232014  255841  217966  236810  241621  247058  216342  233148  209127  221676  246759  244444  228318  216060  234108  237015  258673  243989  247573  257369  207397  250691  234758  263605  214173  223645  255280  233368  225311  250620  219642  248028  194158  256631  263101  221549  209442  230168  243205  258035  221110  251261  229324  242537  260388  270158  241377  246640  229912  251480  252188  233146  239693  240384  263527  228132  211542  231762  231571  251470  228489  257918  237515  235684  244881  236655  254268  226544  252007  243816  221469  257611  222383  234727  269838  233249  235195  267317  260165  235670  243223  235135  227717  265824  253170  231477  238889  248189  240096  252601  234742  249225  241668  213957  232825  256158 

 257593  282652  276502  267892  254010  276637  229412  258517  249120  272025  239386  262598  245274  251171  264329  279000  248411  222052  283726  248540  261374  266799  271323  277006  231552  246933  247302  272183  234541  244738  284359  268401  241605  259456  262480  276975  216877  268336  281661  243733  229789  258291  251858  267959  233844  296061  279631  267524  300108  270750  246664  258949  250240  266807  257391  263044  270659  261061  283725  241393  225411  257329  261071  294441  250409  260519  264374  255427  245684  274245  256128  249382  277158  264149  231139  262779  241538  257504  290856  266166  253574  274510  264910  242067  268910  265267  269260  281317  255756  252817  259350  260930  260350  278604  261051  268847  256177  230370  270459  272245 

 232731  250432  260897  236714  247537  253624  228254  240805  239808  236127  244848  227497  217265  229638  261664  259565  245698  214978  248357  224772  254048  260443  246483  252336  215418  235951  231282  266320  225499  225701  258056  247564  232449  261698  242319  262420  216227  261350  255480  224822  210887  223618  245486  251759  217993  263176  246462  251729  250019  265840  239419  242414  229158  238868  237778  231913  253120  228693  252642  240155  212238  232919  236810  264311  220396  258013  230010  242293  240626  237393  251382  218747  243571  244911  210096  258210  230273  235275  265690  250164  240289  257617  247448  238904  244448  240584  250488  247767  236860  233336  256597  243309  242656  255589  250522  254627  213967  219357  240502  267355 

 277523  298618  252070  281213  267794  291900  244922  277031  266497  287428  269937  265965  260769  262568  284515  279690  263031  254252  277455  271969  290862  291489  266974  288503  226242  246523  254188  270475  262547  263525  294104  289387  241821  283703  279198  295882  238036  288336  296164  254906  246603  269080  282932  283010  256307  282565  260652  271124  315158  302955  267781  267221  259838  273583  264716  246232  287808  275041  296030  266304  232853  256240  259972  295433  270788  286482  252432  283370  272689  268418  284696  252296  270470  258022  260453  280712  260250  260386  315007  271547  285259  299553  287411  279208  256180  255740  271318  281521  278371  291166  296084  273830  283277  286459  266938  287001  258383  259250  259255  286437 

 214482  230644  265308  239998  231187  248510  213946  225518  218570  243828  217489  222271  225718  221073  241456  237590  236600  197945  245611  227515  238011  245966  236400  257214  194010  223381  230075  242504  204292  217067  251953  239841  230003  234558  240768  242526  184490  242510  239850  216679  193060  221800  220092  262625  212372  259110  244959  236942  252239  244382  221991  239611  225396  219775  232497  227288  234728  235463  245050  220309  212699  243712  227507  266258  234416  256523  225182  226759  226295  237184  257409  221999  246588  249295  216580  229560  225930  215747  259531  238576  222662  255327  235490  216900  240288  246260  230669  245156  241909  224745  245718  238662  225678  256810  234636  250414  219147  208601  238825  244051 

 241944  256132  256859  260433  217502  267519  241950  239736  249905  256900  236866  242669  218002  220883  254271  249495  216570  218387  242661  235839  271948  244703  237354  262758  203913  239370  223943  262437  217680  223148  251456  258651  243019  258035  240177  267464  209477  258594  264004  231363  228334  253205  255758  260068  230869  257068  237011  234802  273534  273511  248639  249817  220454  255288  245452  238082  246951  249390  260047  241316  202363  235393  226878  261478  245839  269120  254886  244911  237287  247754  261668  229478  271508  245747  235432  264317  241400  244356  274262  246962  254749  276542  258119  250201  249358  251321  239486  267485  244195  254447  246584  241866  254312  252071  228454  242155  221999  223387  246928  262123 

 245996  247026  252009  236697  226912  248105  212535  255857  232328  236611  244767  246180  217454  215006  224920  248309  242076  201427  260151  223109  253249  240698  243612  254768  214736  231254  221895  249510  220848  212909  255842  246067  238818  252579  239718  262386  221416  245618  250599  223260  196461  236098  243921  236888  207751  254863  232103  237648  266230  265616  238509  230692  213993  255292  211105  238467  242604  237391  236751  225340  194013  234456  241357  262163  238143  237791  250729  236994  222084  253302  226004  220693  245154  214639  235571  237686  235662  228594  259881  229704  237666  258817  244242  248010  238271  247602  240637  254668  223970  243617  226167  241089  246095  244107  240834  232574  210423  211330  236875  237863 

 224214  241536  232546  234939  237677  244877  214150  256048  238129  242917  245969  242846  220673  224271  242482  242636  229485  213299  247871  227404  251345  242750  240316  259554  215201  214809  219961  252634  231145  233052  257868  241614  225781  243074  211618  260081  207122  251788  268134  222628  207397  226443  234531  234651  202068  248159  239463  222883  265108  261257  232681  240412  213296  248750  236836  241592  254037  233845  242669  215827  204575  227297  224459  264137  221486  234105  235816  249063  214156  238823  237082  231434  255349  234050  220778  244356  224638  233698  260774  235823  222948  266119  239183  238324  227070  238652  239911  227976  251217  229956  250548  249073  248862  259568  227507  246047  230950  216057  236829  249437 

 239899  265830  248364  240565  259891  266912  232470  261867  250436  255192  246092  244261  243503  224064  259889  253695  230835  225304  260507  247146  270300  248051  254580  279780  211007  237386  246650  273803  237658  240784  259784  231276  234708  264981  246797  269760  218586  263435  273187  238733  223565  251168  254033  285455  251991  258274  248056  254037  274627  265517  235519  253835  235603  240953  248923  239701  249101  248679  271763  257806  216521  235911  233810  279201  249183  277054  263827  253926  251903  249331  268325  225006  262268  242522  244370  247517  243901  235024  262039  254110  242946  271900  255627  235708  266344  244775  261619  256373  247794  246387  270133  251003  256671  262039  262679  269117  222208  234860  261384  262819 

 243114  263662  250247  252603  250769  273375  228944  256769  248473  261926  245872  243661  243105  245965  269757  256103  255953  218051  267910  247152  262649  275456  246543  263272  210314  239141  243372  262654  238306  242623  263100  256121  237662  257867  239976  277595  225516  264762  281449  229484  219010  236669  261836  273977  240877  269121  255314  259510  278842  271625  248783  262170  246133  244871  252227  248092  255240  269881  245952  231773  215534  249183  240137  274061  248603  264342  253915  265853  245438  247955  255025  249619  267819  244152  236212  266097  236631  239599  271295  249233  257421  288359  264257  247388  245559  263688  251699  256551  258233  249884  278534  265857  281050  278448  240399  273700  240154  237302  257469  266980 

 231137  239199  239493  242929  211700  245211  210840  239082  236119  259140  245339  215209  221378  219547  228841  237684  232669  209613  245597  219442  243629  246144  241239  260597  197780  213417  215085  247998  206317  229946  261224  233939  219793  247175  227281  253933  214613  239085  265080  216161  206598  236176  235507  240626  203115  251072  255598  234484  265407  270652  230149  234813  227656  249870  223622  220862  239959  246353  241245  222503  199825  222072  234990  259233  221141  244377  234889  228397  212671  237094  212022  215434  231249  212186  213711  232280  220439  226887  251700  229205  229629  270487  230274  236726  230145  249347  223262  238996  229904  215844  243148  220137  256762  245406  245474  229812  221865  216336  219944  241414 

 261516  265818  249827  279984  255468  266641  241447  265122  251444  266536  263673  244896  237740  234814  271234  258257  254133  231584  267923  235332  266926  262883  248585  284436  225315  234217  251616  273068  242428  239228  266370  282222  231521  272692  242406  284249  217820  277388  287498  233560  226451  245801  251224  265935  237620  267000  278854  244145  278018  275880  262643  254218  246625  241047  253671  252917  260832  259667  262067  231134  229182  253818  247982  281998  243103  262906  258929  263812  239306  263620  267636  251469  266057  255473  242529  252808  249882  252986  276697  270339  249390  294117  277180  243971  252546  265444  263597  270011  273286  257176  281143  260899  274923  284571  245305  265684  248662  243238  264970  268210 

 265740  279765  272565  260190  260235  280308  255881  270279  275825  286950  269481  257679  247204  240063  280607  270779  272479  237771  272680  249460  290090  270214  273738  295667  226702  279255  260878  283853  243334  256508  277260  285849  252308  279707  271070  299498  241150  279781  291753  266421  235752  250754  277323  274350  246074  295301  264945  263863  286619  296276  257247  266446  262531  276843  262251  266409  285353  270449  272078  261639  251547  271173  266310  290266  277655  284826  270399  280411  254837  253905  279168  247748  287853  256200  254680  273829  257945  257716  293584  256931  266716  304082  306738  272775  285169  272600  275310  288107  265023  270233  277844  275380  274224  279881  254649  268450  240926  238321  267659  290685 

 274967  287754  281586  278464  247805  277824  254420  288987  276874  292408  276802  268477  254474  251165  276648  295436  258658  240198  282840  265863  273015  276812  283055  294123  236265  249961  249401  289249  242482  261812  275333  278458  258886  283932  273134  297032  250306  276837  292424  253687  241903  265569  289972  276473  240157  284056  262755  269337  310452  293864  266070  283756  261328  292492  263098  263637  274234  272170  278657  260157  233810  274844  270644  306449  263943  277136  279082  271247  266655  274396  273488  237974  272225  260379  248790  287181  262032  255638  311177  278183  263471  301919  285652  258113  271424  271755  265016  291677  269500  270389  275892  278758  281702  294519  270854  283235  234751  236273  280633  269835 

 230317  230200  212314  229258  214889  243198  206693  219784  214475  221772  222587  214480  194738  210221  226197  228674  214744  197148  222663  227883  227877  226882  207147  244175  194619  212162  207286  233881  206293  216364  239787  231931  208563  236336  224983  255916  201600  245613  234004  219556  189963  211304  219412  222622  214902  237780  216423  213263  254636  233866  211038  231105  215840  222091  216565  203892  236233  222021  231461  220188  192281  210446  217621  245243  222375  237596  219985  213059  220368  224492  223956  199912  229419  204562  213458  224418  207510  216460  241012  222749  219381  256665  221802  216480  220734  232072  205163  237940  229620  214087  236917  217167  231024  241034  209580  212339  210341  202697  211157  236658 

 260864  269747  268403  282322  260389  288054  235041  274402  261053  257254  258899  249801  234618  245229  269120  255551  265856  239114  266985  250886  275788  272403  266951  278810  221963  252884  240198  283976  245386  263232  292397  267892  255308  272203  246157  270685  218940  274081  291125  241174  237774  258810  275337  284165  262803  272182  258462  256920  286168  291153  256678  251909  269696  273369  259919  230750  272927  278483  285516  247820  211503  253221  263827  281516  266709  269631  266462  269114  253763  272962  272164  254315  269272  258611  253502  262401  245456  258302  277474  269083  257808  308916  262778  256410  276363  264863  279711  285703  260516  253909  285583  268725  262448  271201  258882  248721  261055  254285  269258  290546 

 230379  241923  248406  240523  234937  251750  211703  223725  246956  248114  242726  233752  212515  214122  255240  248695  229846  194396  263335  234479  256114  243105  245360  254297  204708  225063  226065  254193  231813  225140  256539  242573  226710  262887  224910  254670  197518  251059  265546  222892  208552  230642  227089  239746  214280  258684  235185  227887  259895  259332  242099  251951  224888  250373  214999  222693  248097  230758  238201  226204  214405  221297  230385  234336  222939  246431  233846  224332  236898  243891  246438  232070  254811  229978  223948  250223  222797  237753  256619  241473  232391  264189  258619  238411  234005  233602  231891  250551  243136  238465  246704  251572  243264  237816  234324  239618  222772  207056  230891  266762 

 219570  236654  231479  234100  222264  247264  210456  227165  219396  253007  209513  225584  206365  222293  236342  244410  226563  192471  236954  229787  239421  228177  241412  250445  197735  220304  228632  234282  208226  228011  250742  240668  218274  247846  219834  242534  196472  239785  250652  209166  203281  223626  225891  229171  198969  250015  224816  235493  255730  250391  212097  230544  223236  228017  214921  222639  223108  228872  234902  204452  204596  219368  232810  258931  234782  245166  226259  227539  231040  241426  233084  228202  243584  230848  217800  230584  213133  226876  257109  218730  224316  242130  230458  219108  230271  233316  222720  239047  229005  232643  244771  238510  221227  235592  213340  240083  205584  201187  227410  247354 

 260977  279843  271084  272121  256445  292981  235527  275651  256359  277560  270528  255124  247541  257452  272672  271926  256949  259636  271497  255840  290267  276400  260723  293807  231238  258536  258517  288261  243102  256229  290183  256395  260243  266538  254382  284955  236763  278075  279903  252440  232736  263368  272020  273834  227913  290362  268629  259849  289868  301033  261225  256325  245590  272302  250071  248816  262753  264573  270095  262110  219475  256490  255124  283068  263976  297820  272837  268130  265258  272462  256567  254667  272768  247672  267448  274920  241731  273373  282924  256456  261159  296187  272778  268703  257546  275904  270696  275931  256988  265212  285271  268434  278539  274771  278188  277245  239803  246187  261484  275031 

 249550  260351  268947  245404  255735  259183  239060  254061  255919  255946  226986  242226  202463  230952  246925  274305  247620  228562  253658  229482  255175  262407  266699  268786  225912  246777  251624  268905  220925  237321  266625  245672  230887  257061  243397  266344  225898  255350  274443  234969  220259  242026  248265  261162  217293  266388  236650  244715  283929  286727  248877  252207  226626  256452  244814  239751  248514  260806  263664  240587  221048  238730  248117  269263  246997  264778  254203  257275  249399  266318  246042  226559  261100  257232  236493  254271  221488  265030  269936  238257  238119  287850  249529  230411  257011  252176  236242  258054  227860  243962  251462  247648  241596  259894  251965  253290  225641  217109  239516  260782 

 242014  275786  252145  248363  237661  267897  228076  260284  244122  261436  232746  233741  230712  245557  255084  263752  244935  208135  269104  230498  266390  254803  255432  252213  211309  232305  224133  267120  228602  232538  274113  258423  238197  243742  228857  256248  224929  273767  262231  231727  235034  253694  259354  255446  238748  260408  246275  255783  280286  273849  228923  231638  249956  254266  247315  228957  236044  262623  248049  240176  210603  249738  232542  263152  248345  258731  246935  256045  258754  249649  251969  229869  259787  243593  238973  268888  246055  244331  281772  266083  242099  273619  266033  245882  246772  244901  260898  270257  266849  242876  253215  258176  250465  259621  237673  263743  237473  224068  250664  262158 

 229429  264565  241982  244206  237902  259862  215199  260128  248234  258263  257695  244801  211430  208732  254888  255577  239246  224661  258276  238067  269945  256574  254718  266760  233146  228143  234284  269936  234524  237621  282124  243383  228481  259137  250453  266263  216282  265676  282521  234434  217821  246547  250462  248273  216695  256040  237341  240705  270905  273608  241482  251222  234955  237564  220146  230294  239464  235873  261492  251262  217318  246661  237421  269880  237222  260483  245929  255074  238474  246698  257793  221303  260455  232647  229576  249855  228307  239728  255470  233444  226765  267863  253844  244262  242488  242147  242444  256409  223612  250685  241802  243925  255907  270104  238568  261993  230042  226778  254253  254913 

 239711  263575  261592  256963  236210  273205  214885  257271  256379  255311  239107  242348  228309  226372  253257  257722  237019  233211  246873  248384  269517  257062  254336  273275  218627  242336  249938  285815  223877  248649  270036  250246  240597  251385  255572  268129  194527  261007  275122  245451  227886  245597  259636  269324  242054  262386  268923  240283  279803  278077  235179  250185  249991  261855  237281  239529  256259  256972  260577  248029  222480  230539  248223  269521  240680  274187  260099  237578  253189  253390  258010  242305  255341  232477  238562  234076  234328  250303  272085  268033  249140  295723  258330  243798  246840  264262  270592  274072  243193  243720  275786  253777  259000  261369  263125  231775  240398  228321  254751  259953 

 246666  252157  275743  261625  253825  261493  234509  253351  237804  254921  223034  238698  225782  243459  253265  258218  251849  210171  261787  240566  269506  261303  244799  277260  221699  239745  242015  260530  240738  228000  253916  249810  245169  260162  253503  256698  208619  281636  266649  232875  221710  236133  257836  276888  234071  289293  236277  253354  282336  256894  232557  263531  229142  243789  247779  231266  245874  258221  263614  240138  204593  241798  240493  261745  243999  258936  256500  251165  243103  259672  247022  231532  280586  254027  236569  243253  238702  240117  264034  257870  259504  264374  265795  241766  256081  255304  231599  267268  253477  243809  263700  242423  235713  261661  246751  270514  226600  220572  240975  270895 

 238322  263835  253801  258332  238066  266887  216608  251287  252150  271431  261972  246697  224792  220375  244608  248117  248594  217166  269098  246488  249594  253837  262648  272055  208405  238735  237974  257973  237444  233547  281330  266091  235640  271758  252905  258841  221922  260506  297070  231664  229187  245150  252667  261568  225630  267837  253477  265429  285346  283724  241468  266988  246782  257631  239313  240904  261271  260121  264694  241472  232986  252923  249173  284768  242278  259654  251170  248893  236210  266587  243162  241112  255388  230508  231523  258689  246504  236202  287736  248622  224901  281037  267173  248810  248496  255019  251737  255133  247959  245127  258119  251823  267594  269066  254208  259863  234591  226502  240460  266454 

 250450  248962  264289  241000  224745  257555  229354  244560  236410  248293  251363  245890  234599  230333  260818  244521  231142  222932  251565  252814  265313  257167  244829  265003  224599  240738  221157  260385  225816  235919  263121  240591  228690  257197  246638  270543  203696  260267  263195  215361  205177  245607  244719  275787  225835  263916  248171  244645  266738  271893  244963  244346  237044  249015  254123  243565  268319  246993  257669  245852  209082  237084  240451  262431  254602  253003  244637  250792  240416  243024  261085  210838  257856  237923  225808  249976  227524  236666  276674  250386  234683  272012  246932  241718  264511  239515  241267  253652  251929  240764  245387  238692  247363  251759  243367  246638  234605  241489  243122  271109 

 266883  278874  291329  292827  282021  289042  267156  286077  274750  296075  279722  281082  256054  246259  284328  301269  277310  251831  315683  268719  299711  289136  288318  309443  251505  272428  271135  284462  268900  262231  290995  294035  254133  287589  279182  299756  237549  299347  314434  261273  248385  273243  285810  309201  264260  305230  295627  267337  308421  294775  287260  282840  252991  269840  270792  285810  293004  286122  297657  277456  248511  282645  271701  309406  269840  302651  289661  290005  265031  283678  289587  279502  309286  278058  264508  273559  266630  272656  296712  278628  265338  311997  296371  264996  294435  293702  281317  287742  280836  283669  287173  290301  282394  282423  277379  288190  268180  262965  282446  292585 

 242539  261677  244169  243708  251346  278845  213036  260794  246073  259181  243114  248754  226601  223093  249899  248482  237787  211407  265569  235720  262569  266728  231391  260022  209273  232238  242204  261951  237363  229902  262552  262420  252004  256184  233451  266766  209990  269240  278838  222214  220542  241926  253735  261923  243575  275175  248818  244636  269591  263053  221706  260382  239782  240081  228292  245329  242493  245407  262363  240244  199379  235878  246467  266469  239094  247616  259206  257240  240083  252237  251301  232226  266624  225058  234996  261032  226130  245331  270008  244719  255728  284077  255566  235225  239594  261191  254816  264172  222374  252623  278169  247546  260669  259583  239697  257213  225168  227522  248369  254366 

 273974  294688  293424  286642  271674  298610  248261  267214  268900  283864  270790  277730  247025  273596  275190  289103  258830  248376  304614  277553  292691  280065  285141  292313  237708  253941  267445  299489  247549  262652  293112  275366  273817  280761  275021  294847  219824  292985  307543  268348  254356  257385  278895  290665  261123  306180  296964  294212  325676  299342  270145  264578  271051  288189  275173  258701  294896  283346  281435  251243  239130  253570  269279  303509  264364  282783  287347  264178  279952  277431  280867  268924  269574  280813  257461  278322  258624  266089  315999  284829  286062  305680  297692  267229  282562  278694  278504  300526  277703  255704  284557  285609  290199  291130  282762  279910  253121  255974  274040  288269 

 218153  235399  228347  230877  204969  242839  194027  228601  213071  232833  212077  222618  206342  207177  238230  240897  209894  200654  223812  216871  236450  222805  215262  230339  181135  210231  229121  248547  206071  206118  234813  228885  220426  230109  229970  255681  184057  228833  238396  209186  194123  215762  237871  236197  207912  251272  239609  209558  247295  228264  218375  212531  211482  223946  203406  221278  228788  228804  227630  218080  185311  220681  211262  248691  216083  237771  217933  224204  223728  221514  235183  211596  224389  205155  225294  220009  217224  205602  253591  210753  224784  240922  244988  219526  223646  229096  221060  246107  205325  219576  237852  228206  222878  223485  207397  216905  204828  201969  227523  244046 

 241166  269938  239071  262990  240093  273802  229879  254345  236088  278525  255243  246897  234150  247340  255959  270131  240992  237151  273521  244654  259338  272709  248309  266475  212445  245556  229536  250689  249907  233087  273165  265596  244360  250761  265218  262964  219531  270183  282409  235505  210617  242679  249640  263952  238335  279540  267161  257112  270667  283172  244363  253817  245541  234069  252835  254675  271471  270078  262188  259131  219546  244866  242476  279069  251728  272035  266854  265565  248351  255882  254502  239379  271445  248898  251444  269547  229843  247085  275340  270543  255998  282993  264527  271793  241667  262110  251542  258195  260644  251977  266954  256421  279625  276099  246695  273453  228970  240426  244838  283570 

 265038  268221  283604  265602  256752  282100  242206  265804  259107  286380  260864  274881  232692  256788  265750  284702  262991  233986  273551  247714  270649  279575  270902  282765  226025  246843  246539  297225  255679  248195  281095  273153  264525  278755  258692  287367  234624  276170  273862  258649  223328  240166  263459  270620  221616  289115  270811  277070  292443  289480  259424  267439  252956  280095  290248  276163  280784  263919  272398  242881  244136  255605  259366  308128  266645  276618  266455  259078  246038  271815  274554  250272  283002  260877  230532  266012  263318  267232  300345  260209  249141  303199  266584  245017  265458  269582  267342  288757  273854  258696  275017  261401  258141  296484  264253  264065  244373  233997  283138  291619 

 280067  290974  292434  293827  265389  306678  251149  294366  285665  307929  280960  280255  255963  269606  277292  297394  277467  245848  296637  268886  304516  289770  295964  303721  239074  258275  271557  297100  253633  275442  296004  292690  262172  286834  280326  308409  250872  315607  298845  264470  260033  276041  307793  304697  272266  309599  295750  276348  320301  311386  266121  270316  268877  297610  277970  272200  292100  298351  291536  271042  243080  277275  280066  309271  287553  296056  283208  283649  280833  287097  276264  285694  288671  265247  262911  282624  279727  291642  302743  274985  265242  314851  292810  270025  279614  304109  293570  315325  302052  284560  310017  286399  288965  284971  282111  296358  265854  258442  275353  305795 

 253707  258412  251829  257371  245938  270371  225441  258973  244046  261626  247573  238425  228867  225136  254368  253234  244128  224459  249885  252170  268216  255344  262077  294710  218500  239476  235753  267793  221143  248567  285089  250286  236130  249389  251876  281454  223562  254376  262150  247330  238071  243574  252262  253172  215763  272177  256725  256157  282704  269103  236953  249693  245330  275601  252354  232174  260247  262663  264535  228322  209472  241385  243043  271971  248860  268777  248810  249790  235835  251233  237457  244135  271201  222013  215805  237693  244804  235845  270835  229424  237370  278765  257775  235444  258257  249669  252711  257941  244627  243385  257587  254689  256089  270234  253091  239639  244959  224204  258732  263094 

 226206  234060  252260  239391  232072  249825  205514  249592  235642  236479  229940  241998  219530  216006  241991  235588  236530  209152  256973  224917  239081  238861  233373  263516  199175  236907  229880  247776  203194  211038  255886  238426  230034  242095  226742  262254  208265  248278  245825  214073  199928  233305  246428  247171  222202  269694  236802  236563  254165  254428  221533  254044  225308  240344  228325  226126  233260  228299  254466  225998  207824  218218  238578  264316  228777  251703  247640  238990  237068  230109  245496  212546  251923  233309  221244  234950  221648  232732  253476  229976  237003  275505  245449  233742  238714  242909  225127  256742  232272  212459  266898  236900  240969  255975  236565  247089  209504  206055  229868  242165 

 227736  242442  243127  242157  220129  246482  207115  240867  221513  241560  242466  226992  222493  222712  231237  250683  228116  212101  238939  221599  246148  254685  230626  250584  188210  223743  229053  241781  221987  201054  255026  230326  220451  250358  233342  256140  204271  256628  247902  218202  200133  236458  236603  247473  196419  247168  235025  230265  266202  250730  229414  238831  230490  228711  239820  219146  240441  236751  247666  238935  206506  237399  224670  258105  226113  241379  226950  229542  228804  247482  231979  201058  239600  227119  225465  234552  218095  234055  250661  222826  221946  270475  245942  225402  242862  230328  226352  245319  227804  239449  247998  232083  231686  247872  241434  250790  206721  208977  227922  249484 

 252531  271551  257157  239591  244782  274583  232648  245432  244029  258567  261507  240998  230536  240084  254237  249527  248568  236245  266364  243357  252183  278496  242625  275579  215795  239223  235897  272793  223587  248139  270811  250786  247590  246228  249889  282977  225548  262358  269479  230405  218561  239991  236272  258281  225475  271927  260367  249863  269981  287623  245881  254983  236468  264268  251437  242743  253238  264846  273826  236124  214885  243533  240063  270039  249802  269015  253251  246242  266710  271690  254277  234040  266103  243975  241094  251405  237748  255582  274648  262173  257990  288322  259478  268155  257392  261444  239585  259232  242176  236431  273827  264379  263704  267469  257757  244273  229113  225385  232932  258834 

 251508  266565  274601  277947  248203  266735  242878  265530  251693  260910  230450  252280  235916  243878  256196  278394  244307  239585  268888  252008  277122  262240  258316  271241  221707  245507  242341  274270  233279  231819  273164  249982  234493  241492  257991  272545  218219  264979  271208  239916  218218  251019  257141  269243  224222  288860  272488  245745  286889  284438  266914  246940  222692  265247  240094  241600  260321  257572  245021  253730  221725  242855  239286  276015  238507  279977  275955  253264  256268  269354  251642  245763  274513  253877  259267  262635  238699  257017  282869  270625  257517  277774  276080  253319  261266  266891  258702  271204  257865  255788  259218  263191  267431  271893  253469  265450  231888  238132  249381  269218 

 241584  259914  252425  249784  216200  258131  223630  254324  239155  235904  226398  233825  205728  219502  241527  265708  244636  216691  255809  231534  260975  261702  236221  244547  214485  234489  238262  262684  219995  241764  259400  264982  218342  248872  252934  257151  198002  262339  258307  235991  208465  225407  273206  260339  212691  269245  249214  231401  259046  266821  244034  249982  229995  251012  215450  231071  252601  237435  253888  233011  198711  218959  246115  268674  233472  249907  256413  242543  240651  255697  251499  233925  253202  240797  239769  242785  221442  241195  256210  238769  245697  277109  257655  236346  236315  262419  234768  261969  245550  231435  258262  257270  252339  242809  234083  244020  224925  222859  249370  242713 

 250583  259649  255582  239201  242271  275088  226074  243540  240070  240500  245732  241175  221610  229779  258679  242146  241607  203480  264604  225550  267173  251896  243906  265572  195150  242799  233177  256394  219950  228485  235964  258039  249229  268268  226020  283301  219431  273485  258729  236197  217535  230757  247028  249542  232498  274059  241868  259060  271896  263235  238226  251997  227689  260827  235393  248526  261158  237494  257199  229439  207740  227081  239195  279112  238617  259460  266080  253022  247106  241808  245843  219264  265660  225464  237032  247324  231324  251541  268467  254447  252486  285615  263844  240542  250750  257861  236383  260101  264173  237600  269653  248615  251583  260357  244172  248931  224371  216609  237905  272010 

 271436  258610  275577  260648  251058  275540  253191  253644  249553  269876  248137  252720  232889  256226  264915  268278  265290  235141  269277  237110  267699  276516  260419  277837  244011  243395  247373  274736  245879  236803  277397  258446  253921  272335  252579  272896  224688  281913  299354  248159  227192  240366  264108  274183  237178  276756  250401  267409  292137  283750  264631  246814  237386  261095  263499  247439  270580  269073  263889  243171  232540  252459  243957  281276  252580  268117  266598  258216  250959  258983  259353  248904  261759  264157  239710  256950  242164  267838  287658  256967  261864  298239  275778  246061  259537  258546  266859  281671  250381  252720  267081  254533  264465  271646  258140  278670  242415  234383  248702  280778 

 256752  272164  258035  269956  240468  264660  232257  250705  247380  265613  250093  241632  230751  224614  253223  265505  243248  225515  263786  247749  251643  260704  257071  269592  215078  249807  240971  258182  230456  230292  282188  275769  236422  266823  247003  274352  224112  263817  281524  243447  216234  254341  243171  271971  228906  268045  261870  246960  285489  292853  254699  255258  235140  251172  236035  239437  267832  256766  257770  256536  227023  261801  252454  288901  254859  273617  247549  253630  247431  256019  256410  244740  260510  250525  251674  260656  237691  248571  270696  248534  255419  281214  255414  255607  247740  265535  246170  277050  247981  253295  252280  256707  272614  263640  250561  249589  237083  237856  247694  267290 

 227935  229350  238939  233599  233770  258831  206219  236289  225345  238075  227775  229774  215643  218575  234902  251177  236538  203484  237120  235600  232974  241021  232593  235196  212164  225078  216312  235968  214642  212433  259887  226678  215847  252901  233519  255926  201186  248613  249701  205449  181170  233273  230854  241356  200760  261854  235401  230060  250348  254580  228936  237188  221518  227515  220732  228284  238307  236270  236748  224678  199554  245657  220047  265188  212864  257077  227857  233209  237875  258808  240723  225474  245393  228296  215823  246084  217703  224514  262325  232085  230513  248088  235053  228844  221064  242014  222459  250520  236934  233032  234743  249977  236840  246797  233605  248761  234620  212866  215470  249711 

 240913  245394  259529  253864  230134  270880  209366  241643  240387  246775  236425  258511  216359  235709  234660  252306  253842  229779  252123  230661  256121  255115  243709  259847  203591  246461  246113  252830  224864  231949  278549  266697  244158  259645  243894  247889  204291  249031  269780  239327  207640  238371  244589  259942  219508  271451  254279  251620  283723  276443  236026  254946  238129  255527  251759  238411  250674  249485  280628  233597  215632  233480  257988  271276  242600  254254  259875  248841  230702  255343  254294  243996  267872  231603  226104  242817  221025  259755  257437  244593  237114  280478  231482  238757  232558  259511  247153  272831  245842  236168  277334  241721  245745  259812  245516  238553  232427  226403  236200  249468 

 259594  258529  265140  250335  251869  271548  230850  255616  250406  252894  255978  248012  237498  225280  245114  266434  237070  215718  268514  241884  257388  253804  245676  265068  204383  238681  240117  267542  238494  231639  264609  251963  246604  263177  252711  263659  220712  267339  276772  233089  215616  239771  240818  276481  233475  271655  258326  250648  286302  266596  240158  253224  236339  240825  244907  246706  254032  242963  259959  250507  222560  248514  243077  281869  240809  272825  251473  241681  246961  258802  261248  227571  256922  235479  239358  253272  249929  225766  277823  235720  248982  276177  264202  239194  249549  255817  236608  263538  253680  258866  253865  256878  255739  260525  260441  257875  235144  223884  244059  259839 

 266470  271907  289429  263101  247046  295095  235120  281105  252581  266287  247863  261843  240660  246616  265750  282968  264313  237345  269965  253537  260281  283197  270348  266800  230148  274108  253828  287593  248724  246388  280488  273296  270044  277904  265772  277417  254374  281512  272270  239595  223028  266544  291458  287422  244389  297151  249508  267485  277569  288964  248159  277493  257942  264054  262020  273812  256427  258194  275299  254192  207754  276940  266768  303032  265525  283574  281819  268134  257695  282624  270473  252007  281778  259605  258960  284857  257607  258733  287834  250983  267780  283540  276191  270053  259784  286951  249894  286935  268177  264965  278650  280519  271171  273259  262908  280642  241550  240226  278056  281978 

 260205  268716  273558  265219  264904  307580  255503  262169  271140  276614  271798  268782  247664  237249  263078  267709  259686  233711  267799  263105  275181  287608  276872  292111  228011  256069  252302  275187  242567  254186  282600  275476  252899  282159  274850  285406  230777  272111  290725  248569  242123  266031  270340  290588  249216  296094  271695  257814  282872  303985  255499  261036  260758  266556  261600  261448  276809  280410  299158  248540  233394  276065  262963  306551  275098  279151  280246  277707  258682  282685  287018  267849  290307  250061  253925  280438  251176  281100  285868  270899  252048  301558  276814  256437  277115  293722  269693  287066  268685  266727  277721  263265  272717  275652  264033  268266  250649  245093  268009  277047 

 255780  274852  271320  258272  246192  269149  218440  270227  257373  267150  252166  257949  240963  249961  255703  276285  257499  223455  268912  238399  268188  277361  249632  270005  223207  239274  254783  269834  241681  230783  281489  272207  257356  247992  251127  285578  224841  286975  271585  247914  244393  250009  271527  258846  236792  282566  277838  260711  294297  273431  259734  247250  262765  263499  263184  255344  273471  263775  263623  253498  239318  248552  253200  282211  241731  260451  260228  261061  249451  251988  251323  249193  258132  242301  232937  267596  247868  273518  287387  268595  262234  307948  269385  262720  261317  266476  273317  292298  257753  246518  275425  257201  273787  281392  252864  258503  241888  238717  270257  282614 

 240349  268569  253738  253467  254332  279363  227594  253008  249082  252400  244016  240426  222943  239980  237845  273577  249396  219897  251641  237390  274976  262231  248404  266357  210452  245121  232411  247852  215419  229676  246640  239239  232133  257233  238630  272882  213606  281974  264443  233959  218704  250619  248591  270606  229291  253365  249220  260866  288936  268609  234263  236912  239792  242487  232283  238339  243957  262940  243699  251862  214089  226260  240868  260918  246023  267349  263698  250494  245811  259151  253228  224836  259335  247253  228552  254287  226873  258283  268779  246921  242257  275148  258475  226650  239219  261332  244820  252424  253606  253017  258339  250493  244609  261376  258381  249189  222518  210871  247594  265049 

 251479  275099  263490  269706  249607  285848  243464  264713  256276  277384  257075  260878  234992  238391  271035  270702  263099  235262  283586  255004  271489  270690  284376  280284  225308  267718  253264  285768  244102  235920  285555  264012  249291  276763  250632  280599  233535  278526  296022  246958  224336  256957  268557  274700  250552  281193  257891  278079  300422  293553  266742  267768  255394  264473  260061  246295  273051  264639  271190  261193  239178  249906  260971  292787  249415  284715  263119  271777  256551  258184  261494  247470  276638  258572  256143  271357  253090  258688  284628  257532  267987  302467  277326  280046  264014  262593  256008  287173  259851  253584  278889  267275  270690  279021  263757  267940  242896  237336  257017  289007 

 196733  210964  212607  203847  182121  210412  191595  200394  196720  214416  203086  198898  186328  177909  198096  213409  198217  186614  209602  184141  211391  217516  199150  216183  169928  212085  180262  218547  197190  192006  205953  214869  192231  218262  213468  215160  184885  205062  221690  198945  166344  203615  225630  212119  178739  209547  197015  200194  221214  229285  181416  215765  194027  201203  193617  216605  207628  208239  200557  198651  173936  190462  208350  235413  206893  198587  211505  210260  178863  194400  200915  175659  210530  193483  205250  213180  185676  196928  234189  209376  199737  236623  213644  207526  198622  209718  184462  213382  204188  213575  201122  199842  218319  205647  201186  207846  172082  188507  217959  213412 

 226178  238259  234117  229229  212755  237765  217408  232606  209065  246485  225699  229960  206610  208738  231110  234820  224485  211421  243431  223805  243988  235689  226235  234211  213410  221149  210553  246538  214920  215641  257873  229543  222827  228293  235691  237616  189314  241926  262798  213961  207765  227499  242554  234142  198466  251045  215860  223712  256285  258161  218973  234002  219349  228336  213412  217456  238540  227344  236958  211807  204878  206369  228941  250472  229256  239170  233091  221429  212156  229690  234231  205268  227788  228839  219706  238081  199472  221336  260577  221181  230023  262755  233867  237938  217999  235199  224583  240000  211523  219996  233575  229510  242355  239210  221650  234368  206568  212099  223241  236467 

 269799  283393  254893  270315  262741  265567  241529  271513  253139  288045  267163  265430  238777  248784  280157  262017  258419  238449  283680  240031  282467  271308  242488  280561  225055  241727  257848  269512  256817  235111  272597  279923  240642  271736  247068  303156  242413  281634  286210  249725  235635  253069  262338  265708  256608  285758  267514  250005  282947  289059  250554  273135  246825  253625  255640  246765  260300  264318  278724  257292  228633  248131  245437  287412  264157  281006  240964  270800  265349  250200  257755  237933  268409  253435  257938  266614  254269  255006  281595  251244  259773  306621  282642  253510  260832  262645  267349  285457  249760  266015  287660  252221  275784  291622  253650  278639  241993  247602  257445  269676 

 253554  261861  259494  260917  246204  260372  231224  242899  238771  261532  229122  261015  225774  237906  257864  261175  247111  218718  259210  244774  259296  253131  241698  252924  218580  236542  253763  262799  231888  233028  255761  268320  243378  267300  239749  267938  206227  262449  275683  235531  226035  243537  263811  273638  245830  280253  253459  241297  282774  276592  248288  262047  247994  239004  244891  231507  263954  247560  271710  238462  219769  230983  239175  267404  257832  263468  258398  250065  255148  250106  263030  245171  255625  254014  243441  271244  223915  255693  263691  245339  257435  290308  259519  248337  255296  256457  244161  266913  230172  254914  270182  252145  255793  273159  229255  272877  229613  244983  239971  255709 

 264478  283818  269980  280566  259728  284364  236405  275081  273569  283439  274852  257639  254350  246737  275979  283224  261596  235201  292164  257777  276359  283947  285917  291011  237133  275278  259104  279728  248726  255453  302680  285769  260412  279397  275723  300828  234356  290426  285802  258685  236237  269251  260932  268602  249096  293490  291147  266183  284036  301954  258880  278489  269360  277500  257619  281110  282109  280903  273180  266016  236062  263773  271079  310529  269913  285036  280434  282653  259528  274614  274676  264654  294455  251897  257010  280130  261849  262779  293288  273426  269626  301616  273681  279458  273903  292959  261477  275999  270596  259000  279146  281796  275567  276178  270371  272839  259461  236455  275766  288461 

 275789  297521  288712  271212  281802  294718  249380  284204  276335  281194  264885  272821  255234  262210  270161  302717  270416  264072  295009  260921  292744  277485  300743  298617  238239  278030  276679  297933  245620  263749  293739  279204  267560  285288  259898  298188  245054  271914  297769  269497  244268  280510  277522  280510  250817  290014  274252  277803  310765  310463  251934  276767  261924  292425  268270  269596  272584  279357  291339  263432  235289  259094  268293  305169  264310  291426  291018  274775  270962  285237  283613  257805  289228  257625  265612  280229  264598  270869  302049  273925  281031  308641  294603  268164  274288  280861  280247  296406  274626  270438  288490  292529  281228  303484  281499  277853  256990  236577  284405  276209 

 229279  263331  235695  248161  240327  260327  225012  257782  244795  246116  245308  241178  230141  214504  265308  244382  229955  208218  245346  236876  258988  243213  247638  258074  223431  231203  233826  249356  243406  231205  244133  259055  234981  260115  233808  258608  206372  261297  263401  220015  216345  243858  253681  254179  240495  260344  244217  233624  262372  264162  227387  256325  239180  245410  226913  231946  263896  236621  254368  227946  203973  238714  243310  275153  229459  250633  248057  258399  247306  249817  249974  224923  262465  233195  231821  257373  233678  234340  258407  256891  254354  271042  255342  252041  235861  251382  253199  258352  249850  246206  252859  258489  255494  260188  242508  269572  233723  220975  252930  259524 

 215216  231976  221404  220341  196839  240566  203858  221721  224271  240770  217011  211395  193739  200898  228747  231562  205007  202414  235993  228490  245022  240502  227925  232479  192396  204690  210821  239413  194423  206744  250052  215449  202214  230610  203997  239029  186128  241567  262185  207539  195202  226753  233719  219768  196400  235312  228950  231730  235913  234539  228327  212511  216111  221995  217269  224680  227231  214064  232834  229644  181441  197440  223524  235868  223688  235808  234510  214031  207554  218465  211497  206195  221341  218114  211325  208352  193780  214517  245842  218783  218812  247126  233843  218184  217422  214604  227799  229666  214300  220562  242243  217804  230375  213662  214599  219148  202471  202792  211950  241367 

 267560  277371  268511  282002  263194  285509  235226  280085  265425  287837  272234  259238  254272  239762  278528  284940  257348  226045  279889  254289  286790  277894  271006  295589  234084  256024  246414  280838  246959  255039  291860  270727  275628  273751  249358  302473  244049  305943  285746  252445  239578  268238  261016  274800  257978  283808  295588  271375  298800  279029  257039  268930  263414  274329  259927  254276  263714  260604  268057  267242  224119  264879  260134  298522  262228  296366  274217  267287  261660  267557  257555  259347  268397  255828  250672  269137  258715  259547  298316  261379  260563  302836  266756  267766  263795  280622  270160  282593  271797  256885  294304  276099  278254  282284  280527  281641  249127  252250  268662  293155 

 247296  253701  273579  273601  238493  278479  239167  243682  251997  281085  252628  243133  234929  232399  265093  264965  247087  234233  267270  265912  275099  262216  258655  263401  222923  239297  247279  279664  232548  240468  268445  263313  225872  276235  258993  276954  222749  268689  275231  234559  218095  251404  260207  279355  228163  277508  256320  247352  280854  279403  245113  262357  231343  251586  247993  249430  267352  260025  242986  249249  224972  257763  248245  287240  269712  274891  244757  259843  251479  262749  267481  238833  268666  253535  248345  257300  237409  222483  300113  238395  235602  267867  261881  238490  248879  265307  238383  257240  256622  258428  270213  254025  251988  260678  251863  263947  233249  235877  241440  276583 

 239201  236232  249223  222946  241083  235837  217761  236651  242635  233945  236276  237842  217828  213015  240670  234690  227251  198652  217523  222617  243536  239147  227584  248769  208610  232440  228276  233669  233267  200750  229198  231603  225083  257405  228792  259789  214002  241130  240514  211449  199533  232819  228106  251413  207232  245748  233360  222389  252714  259429  241203  237238  217537  231333  234164  233399  246217  237017  245165  225384  195059  228925  222558  247289  219850  244757  231956  237630  241042  248217  230877  206540  250392  225296  217530  245035  224002  236536  248345  236516  238522  248080  226549  247843  238599  225402  236254  247826  226695  241655  236194  232183  232126  238222  239952  246016  221907  212198  214965  248644 

 257445  252162  265487  272361  251941  263011  242915  255365  250063  274150  252555  247237  248576  252327  269247  274498  273034  242724  267997  236878  278325  270274  249068  278312  223405  234171  238541  271609  247417  244868  274466  263737  244029  279501  260357  284268  230659  264229  265820  239596  229900  250734  271516  273425  223897  290871  270185  247907  284157  267765  246606  252591  260741  257771  266740  241404  261354  268182  278664  245928  219791  263415  242797  286692  261723  276916  250769  273977  238691  267377  259969  250950  270301  240684  239997  257349  239325  243452  277306  253855  244774  297821  254887  240517  259273  250327  263242  270127  248711  261568  271448  258776  260027  279505  253060  272681  235257  247338  258375  270200 

 235714  248068  268799  249675  227526  256639  233418  252831  245138  253491  240637  224297  217366  222080  236909  256450  238647  225718  251835  220016  258840  258112  236594  259863  214040  248541  231673  271576  221950  227864  245348  249708  232635  234071  238898  271597  209817  255637  255357  228961  208159  229123  248045  268598  226100  265858  259490  229056  264010  272433  238782  232754  231980  254079  250912  246088  270705  235581  247668  256917  217155  229227  250298  254870  237396  259476  260955  249537  232084  249800  242674  236994  264775  245291  226702  246418  227778  246070  263460  249952  243667  291283  261388  239800  256075  272703  237349  256728  247120  246636  259113  255364  255619  255222  233775  232874  233038  221785  233167  263919 

 249479  248316  247511  243530  216680  237682  218338  236710  223281  237719  223878  224933  196103  222729  223701  263397  223422  184579  243038  219247  239911  237171  242548  238287  198215  220194  212124  242905  226427  217240  243549  236396  227133  242522  225881  244625  203501  261020  248892  229858  204621  224782  233055  244346  216351  245339  241918  244417  265307  240085  235550  228684  220250  235463  218176  224453  235423  232188  238141  218043  192205  214236  226441  250731  224245  233738  239986  229141  232940  222584  224576  214570  248180  233859  208244  230564  228785  230891  258379  228743  244657  256473  245859  222844  231982  243015  219868  244898  241265  223752  237694  238583  232185  233614  232983  233566  217545  204878  250537  249797 

 261755  284630  285019  279249  264379  281111  255851  266338  264547  268962  262813  238696  245817  262191  275875  288831  274975  239556  287327  253058  283205  273010  278812  285199  227641  268878  249058  277622  246113  256474  291043  281741  243595  275701  273860  284482  225628  288172  289789  259994  228952  257799  274747  284483  248566  299831  265451  252100  292154  292865  268419  259553  256209  265019  260560  261884  274958  268539  275771  260080  236630  248869  266732  296318  270838  289466  282320  267341  265362  273909  265102  251502  286333  279334  248284  276255  248787  272420  280301  265067  284970  305521  270220  260989  288028  266935  267719  285307  267126  267858  268374  280276  264962  283353  269337  277071  246899  234936  262923  278145 

 245550  244706  249471  243795  240509  256027  231021  249880  242317  245099  238165  237067  222514  210044  240524  252776  239653  205636  265719  222524  246802  257104  235592  265357  207855  239362  218488  245030  213068  216745  252118  238947  215038  250112  242251  255578  219682  259188  254245  229187  206604  243059  239116  264101  231540  255584  259561  243972  262511  253771  242444  236223  218455  239324  233586  248808  242836  245246  226351  234270  196098  227555  237029  269759  234684  267283  253664  245424  220438  234558  236568  218180  247533  232860  217893  229380  230020  218292  265176  244332  226452  262254  250360  219473  250695  248604  242171  234083  245017  228656  245211  225963  242206  240702  251208  232171  217986  219927  243221  259221 

 240754  270652  246309  251922  241997  265018  231413  229567  229861  239320  231235  228996  220192  233809  255338  267876  253763  214807  262220  224451  255423  249636  258965  255648  211287  250681  239892  273983  240461  233285  257640  260235  235780  265057  234426  247385  208481  250616  269342  248075  218043  235073  251900  268003  234349  262493  235688  268243  283437  256664  230986  243226  243672  247686  221972  231950  257082  233961  258676  235239  219110  222408  251384  263385  243497  248128  254083  258435  230539  229409  241487  222562  244028  232561  222352  251345  224095  244858  266396  243703  242480  274427  255475  235954  239247  256923  242684  257521  249238  225960  255074  251610  247025  270663  250264  255295  206854  222718  266488  254602 

 257033  275951  276584  274268  258487  289982  238589  259596  263869  276370  253495  253443  238771  259459  287655  276398  266384  218103  280602  248348  284241  276742  267237  285264  219109  248715  253380  285946  244020  248442  280982  273867  253537  269324  254751  290932  226336  282337  295926  252595  237884  251831  261898  277375  255137  283550  285927  266677  305495  286184  263846  263652  256787  267882  253612  255571  269053  274695  278748  249347  239312  253960  254944  291903  258512  272925  267519  262487  257187  258669  263945  245695  280912  247277  247633  274693  247761  271267  276766  283579  260646  305395  275287  255687  263877  276786  260739  292711  280407  251290  274218  258048  275510  294966  263960  275276  249785  247818  260578  281900 

 229757  249261  250517  242026  222753  261377  207802  243299  222875  253819  221010  226553  206266  221058  231884  253640  241616  222745  248518  214325  243700  240658  235279  237078  208822  212935  239395  245438  210308  221922  244137  236764  225979  232693  227378  254165  202053  251114  242600  210264  215267  228156  234340  242625  214046  263541  224305  234704  263169  243085  230491  208407  214969  234581  216228  213521  224470  227789  243132  215338  186866  244747  235468  248989  226970  248381  240867  244196  223054  250762  229322  220576  237736  231252  213348  236037  218158  226359  243506  214389  223169  243364  243303  211464  224814  258061  221885  252806  212950  218040  245819  221002  226010  240020  238236  232600  216772  202923  226941  248858 

 225399  237902  260687  220641  235391  250396  229330  245763  238945  246099  232736  237390  204679  218609  239973  241694  234615  206731  268207  227610  248899  254043  243609  256089  201727  230647  234789  248161  212969  212343  247753  244778  228831  248377  220757  256338  216426  261363  258429  221213  206623  231743  238517  253899  219588  260245  246834  257496  274135  250384  241934  235477  214098  235551  242088  230317  242223  240635  250234  234252  209341  236676  214154  255809  227888  239494  243966  243776  235479  242583  244761  225355  260066  235096  219341  250461  233159  231511  240214  240755  225567  255696  242268  226753  231106  245142  231052  251005  249690  221076  239645  234779  258459  254711  243526  241366  222323  220834  237407  247832 

 226157  240917  231051  228723  230308  229968  212374  226517  212338  227188  226086  226152  212738  231302  224546  229095  217233  197488  235133  206652  237387  237847  210311  246673  201801  216577  205624  236797  209948  214790  231706  234103  207163  228367  220039  251778  197059  247469  256473  221102  209331  226517  225303  230919  206461  240944  236460  225757  261965  250791  225567  224715  216925  229321  223406  204322  242168  231266  235666  208121  199849  199265  213478  237648  220679  231769  221499  215557  216193  222368  227963  206046  230259  234973  214627  224572  222256  244135  258079  250131  233613  277268  241727  233721  228333  238960  227413  249455  239690  225004  238968  236770  242621  244760  233519  215933  217337  226298  233401  238312 

 277710  290092  294450  269990  263783  285336  246922  301953  276341  285177  283727  278169  254066  262309  265666  287363  270952  258418  286575  270010  279084  289916  274527  277201  247953  269116  276470  288591  263673  265345  291848  279371  271866  299422  278937  293503  231357  295812  307397  245483  238152  271102  290920  297166  257186  299717  269137  275350  315960  301236  262230  274904  257716  274430  273489  271210  294857  275665  295452  283542  246413  265470  279326  305221  274538  276438  291326  274434  273721  295061  288283  256366  289810  279175  271500  284538  258413  276043  303679  279831  271705  311147  275074  269327  271686  291046  286087  294592  267876  288790  299969  278455  277218  278033  272246  287950  251203  263847  275711  293232 

 236134  238145  242629  245573  220098  258861  210830  234568  224386  236257  220007  249915  204073  218440  243322  238053  223626  215966  255318  231340  242513  242593  232927  250683  190883  208648  232738  250352  220272  226019  257148  251096  222602  252120  235718  255721  199009  247935  248657  221170  198248  242208  235787  254324  230887  259732  234856  241799  271851  258085  230445  237321  226239  246252  231625  216255  243928  248456  260505  216484  196668  223932  217129  251683  227649  240437  227430  238181  244652  245934  254422  230624  255358  242584  229112  231518  244372  241459  251131  236063  247661  277805  243596  232171  232513  238882  228388  271600  231075  230593  254560  238118  249177  236994  235335  218463  224617  218812  243699  264939 

 232284  261377  248460  262542  230569  265203  222699  248188  240931  258926  241676  237886  220837  236437  253186  253214  233807  221570  248833  247437  260756  260167  247511  250747  211044  219802  232327  257762  231521  230522  262296  242125  234312  233421  239649  258201  200371  253275  268441  235657  222498  231283  247071  243570  228271  263450  251016  227108  284861  268577  243821  233214  237593  243582  228971  210866  242474  247083  250609  241044  208834  245166  238645  253113  237733  250281  239024  249325  239825  247159  241066  231352  244371  234578  237079  251021  239975  241137  270136  256558  225070  265565  271441  233299  247741  257177  251457  274582  237422  238460  250681  249243  242384  251176  240620  246822  227024  225628  238366  259059 

 255595  268097  260092  262286  253234  268361  222112  279361  260125  263802  263797  258573  238823  238679  244699  269813  241383  227908  256963  229811  263053  274637  254177  274579  210262  235931  250957  253474  250836  232885  278144  259860  256487  258571  240254  265561  208541  282156  279631  237109  217652  249662  254972  286295  228213  263654  266235  258963  293066  270412  258946  252294  244143  259463  253015  252625  265015  251559  262258  246092  220807  250740  256059  279682  230109  248801  247278  258350  241725  265985  263973  232534  257681  239260  235483  264665  243497  259713  284680  244310  259409  285792  252184  254277  245972  269468  261055  272021  250737  251276  260170  258051  260728  272144  261111  264445  249044  232722  260973  263808 

 246587  255970  257282  261248  246709  269710  227837  253190  241047  255475  255269  248659  236867  231508  245927  261001  235896  216229  265376  250569  255994  261634  250494  273301  213293  240288  246915  263586  249366  215618  254390  257104  244846  265110  250623  265644  220212  266229  279852  228984  221173  236085  253872  277052  234586  262455  251468  256939  285869  268771  244583  264582  240011  239767  241669  248218  253859  258697  263105  253065  228019  243519  240085  284761  241455  260897  265731  241294  248408  267194  249020  229191  267353  231042  245514  254935  244390  251784  268760  260927  243881  278459  265844  235102  242299  274206  251481  267561  262851  253578  268130  255665  264138  272735  253841  269218  211692  235488  259633  256696 

 236645  255826  252182  250953  235033  244848  236786  263007  251773  271798  241335  240319  232898  224574  249438  248898  229709  221600  260424  242296  260115  251584  254151  289401  227635  241382  244620  258154  231117  219178  247900  252317  228388  261364  248144  275075  221491  253050  256815  222977  227132  239641  245464  255571  229985  258078  243331  244395  278426  268319  237827  244512  232471  260785  244908  238695  240768  253394  249910  236776  215196  246790  237673  276366  246396  249030  245688  258403  244459  248288  243561  224966  274908  252579  233834  248346  253173  225191  272495  248677  236265  277297  255081  232359  255114  245579  252605  265498  240536  243815  244616  233406  259836  259972  247099  249816  218609  222434  250186  248806 

 239064  257206  245153  247630  232775  268857  205680  247694  251530  251285  257502  233014  200914  221409  249454  248736  224511  224989  239842  242732  266066  255936  248123  258800  221168  223744  236647  259715  214954  234638  262748  253797  219581  261242  248306  271043  206422  264915  265681  237125  209229  235169  261699  253647  224274  239226  232157  240708  267382  279945  233660  230655  223273  247329  226206  229557  259446  243423  246204  242944  202320  223994  242585  249519  237903  241327  235890  240449  237109  251429  254074  231588  253758  231695  223607  249900  225763  244019  258345  247326  240619  255857  254175  247723  232374  244974  244465  258189  235457  256727  257821  254850  257266  243448  232280  232758  227779  204774  242560  265531 

 221653  245666  252617  256147  220889  249780  208732  245563  242904  259333  235058  236662  220038  225268  239423  251322  244057  208992  247750  235768  255311  257475  233992  245299  222767  228573  225808  240434  217430  232206  257520  244944  218545  256708  247766  258742  199713  263234  260199  209075  204739  233513  250435  254069  219759  263127  246305  237023  254067  276827  231402  241010  230333  239522  225640  235567  245762  249157  231551  228220  209514  244593  237790  253482  233755  256714  238372  245350  230020  246500  246271  236550  235356  253786  217895  253267  227364  233942  274289  240473  238046  262141  243756  239553  231263  247225  241529  246002  230561  249536  249116  239377  251654  253916  240506  260848  215193  214200  231898  253125 

 217302  249214  243516  244418  233974  263493  196925  240990  234263  236667  231304  227981  206792  219466  242081  251290  226180  211914  231887  217065  238586  256356  228575  249493  191030  223790  230498  243867  230787  217167  245068  226067  222168  243649  229876  248833  203654  253854  257323  211278  218098  219009  235165  252718  214548  255431  237447  242219  260932  255658  225180  235282  233871  224227  224897  218614  225116  240795  249740  232572  191869  227881  227207  253404  209189  244431  245525  221066  232480  253052  219850  220367  229051  239486  228434  240009  220202  241760  251027  233735  230983  257311  241346  225907  228490  241988  240022  249802  230370  229494  255987  228062  237325  240600  241629  243316  207502  216935  228767  251274 

 211461  218939  206609  224847  197574  222024  179673  221140  200485  211931  204631  213855  196355  201351  212867  216592  204020  187059  228200  205717  224939  221344  211565  221338  178728  195728  194974  210372  195247  190373  234821  216633  186076  208561  215939  218554  177471  234164  236853  204245  184110  199672  228754  223244  192038  220396  201578  207410  235532  231738  205414  220504  199910  206731  199436  198405  211500  226554  213119  203524  187192  196991  203975  240598  200167  227090  214419  207419  200324  199063  210779  193395  215665  195117  195805  201668  193410  216291  233606  209160  211647  235790  231032  205827  208655  215033  212418  231040  218280  215880  226831  209362  215691  225444  216743  227384  192363  197987  208002  221549 

 230359  237507  258541  230522  235647  237814  219782  246129  236936  237127  230272  225125  226868  216969  236282  251029  244386  209350  248082  221750  246413  234573  247140  250076  205619  239789  218671  253617  227396  216449  245030  242893  224650  251404  228114  238930  202336  241893  267761  225282  201059  229367  236497  248857  210640  257827  224316  233198  264732  248596  242053  236179  213516  240857  217712  223435  249705  223983  243454  232841  204197  223205  229329  254517  229666  238380  239070  246583  221222  229814  244178  213136  244779  218431  227545  245785  228065  220009  266395  242907  231029  272657  235510  234918  238118  249584  235432  258570  240495  218676  241633  240918  238060  243671  241117  227627  226470  215000  241991  247965 

 236830  258114  263279  266434  254347  267157  233514  258590  255310  261190  247267  240489  236359  235429  267392  261856  254328  227766  274625  247969  277080  245759  261112  283029  226615  258600  252030  264439  227412  242934  271457  272371  236638  264652  245027  281691  221033  266649  281773  240793  233469  253570  252403  278173  246836  273875  251726  242951  289341  278915  251631  260628  248388  252610  226578  246089  253420  259424  263899  240509  233396  265665  247806  281741  261860  284047  258944  261387  262175  264399  262313  239089  258204  257956  245902  246729  246070  253637  276641  247483  241156  286254  268181  235373  264420  274928  261165  264741  255601  249718  266853  269982  262660  277142  259323  264710  231170  243028  253225  261566 

 269876  269959  288185  265624  273048  294971  244962  268814  262911  285700  258839  280700  253505  266768  285123  277961  264688  240443  281837  270697  283244  270512  281776  305312  233831  245352  267744  287302  245319  262765  288481  277535  259205  291022  267956  302344  226263  273882  301458  263444  240800  258245  263897  290142  242344  309627  269565  284913  311723  291463  254451  278042  266800  283219  288294  267639  287325  289953  288660  247685  240674  267313  257681  297752  272435  281435  286482  274995  271937  267675  280610  260721  289301  269323  243629  269866  251414  264190  304021  275654  259174  301609  280004  246327  273875  261443  276822  300997  274261  252043  282994  268961  269668  299562  266998  283895  251734  241751  274594  289885 

 248047  268484  280981  263873  263440  275269  241884  264592  248705  269144  258436  243392  230956  243597  268850  282512  254367  241223  287559  243229  273156  269181  263677  288293  229002  272811  262745  284339  234930  245444  269376  267659  249836  287414  243118  282386  237118  272217  287596  243240  225957  249080  256320  273473  235160  295204  241900  270182  277424  293447  261191  270618  249657  263268  246127  268432  265206  243407  265548  264463  222000  250135  254270  291662  256800  281293  275130  266437  241380  263578  267787  239467  260785  265510  259137  281867  254941  252531  282420  260818  240818  298189  266089  230218  269159  274225  249227  265746  267338  247980  272656  266450  266824  283214  256350  262755  236994  223970  280331  281491 

 267261  276338  270183  265286  263239  274409  240108  260616  262882  274953  260399  264670  246736  252724  268972  278690  265343  229381  288039  251859  265114  278728  264154  283811  234211  247475  256136  280859  239800  248275  294827  273318  248764  286286  262646  283264  234732  285094  288306  254898  241583  258928  264719  275123  240447  286958  280720  278309  300512  288795  259074  261679  261613  256651  249232  246810  268237  258271  282212  249518  240608  250406  254680  294745  254450  282987  249501  256370  264333  254034  281482  262886  254396  260575  240862  271902  257025  268323  290656  262796  254811  291047  275354  259399  250503  264038  259767  276523  264213  258681  290622  260730  272092  270574  270691  276357  241583  238861  267701  282814 

 246470  265219  274420  269921  231220  279844  246992  248429  268164  279442  248576  248924  215944  223167  253053  263063  248780  239535  267426  226610  272579  269824  258828  271962  214629  244750  241052  283837  224445  247742  271791  269537  238572  257386  249620  267178  206356  268555  277173  249874  227321  247135  267061  276354  233136  281075  253249  254845  283359  291121  250942  251726  237706  243485  246366  250698  248313  255012  270242  241352  230650  263667  254412  289103  254596  279180  256410  257882  239059  272246  261001  239561  262465  261507  249242  262273  238396  253354  276133  247459  247495  277012  267157  241087  250576  274555  251069  277951  237080  256047  255653  255775  268896  266011  255443  256353  229208  239058  253542  270278 

 233150  246274  252283  234599  231941  249296  221273  240814  232480  250707  235870  232459  214581  212852  241376  257683  222986  204622  248302  224956  250801  247598  237034  253023  201789  205357  221225  244940  219267  221583  241771  237952  222736  242494  222513  255221  210319  255548  253741  229261  206213  218860  233516  246975  215039  256535  246937  219660  264690  248645  237447  245801  217997  224468  218911  235503  230809  237867  239361  229798  202386  242953  213167  263069  232239  249915  226090  220491  237690  238374  232923  219176  249296  224180  226952  229333  216741  235587  254373  240245  226807  269627  247373  212408  224136  259220  235547  246772  234704  242856  254572  228188  250905  246481  226966  246588  224805  218127  232335  242451 

 227369  241976  261073  252785  223576  239114  221074  240867  246670  260894  228619  250285  217017  213974  231448  255453  224532  229031  252547  230141  249820  237019  230448  257160  212755  217081  235970  257848  216492  224780  256084  238893  225949  233801  246720  269671  192752  236184  260493  229320  200106  236587  241155  253082  205793  270259  253135  231237  281253  260788  230836  247274  213990  245118  239045  233843  240414  250899  247706  229973  212735  228806  225340  257988  217573  248131  256064  224296  234085  261886  242585  230018  256845  258023  234172  226538  228044  237151  264135  242118  244897  272349  254961  229065  220838  238807  238133  268310  215918  230549  255300  240323  249753  242331  236991  240899  207780  211691  231602  236004 

 258858  263015  259907  259359  233860  269681  230565  270962  245797  266166  255266  247684  219080  238492  266797  258270  241878  239747  261891  248245  259270  263485  259271  274080  227120  236267  255738  280286  236820  255231  272438  260820  254813  244006  264447  285267  221615  261028  263288  239124  225945  240739  268660  265972  243177  279326  255929  243573  283178  275903  242885  258911  233820  270132  247379  245183  256130  255307  273812  229930  221837  253417  258164  275162  239544  265102  257684  247332  244963  262089  254669  246094  263272  236446  233782  250946  242314  259365  264314  241396  245273  300571  261603  244878  256932  265372  251672  278627  234950  236411  279629  245912  262395  268027  250520  266653  233509  217670  248865  244977 

 261797  272011  261118  255805  256296  282120  246514  264887  253949  267733  266510  260785  241391  239491  272713  271954  253575  242852  285804  263364  279540  279651  270062  284010  237279  265483  251978  286382  238280  259608  276859  260077  255860  268559  260148  298437  240637  286034  278250  256420  224041  265678  261466  260624  244710  292756  285438  257974  291783  281384  255758  257660  244814  282871  260789  257507  273370  263287  284028  260369  222213  256002  247866  289434  261644  294511  275870  266871  260287  273559  264842  243927  289126  252447  264163  252319  253393  273713  284657  268479  254169  302771  279400  270627  263728  282484  256008  274917  273694  266025  290945  274182  264953  261903  265858  262343  246145  247036  258173  271829 

