6 49 39 53 48 94 63 5 99 84 84 29 23 62 29 34 23 17 81 78 30 45 53 50 32 13 50 70 54 92 19 60 42 59 66 42 5 29 99 56 65 36 86 88 98 15 22 21 85 55 51 67 0 5 17 84 70 68 7 77 60 26 37 54 85 3 97 42 84 48 99 49 84 37 89 83 52 11 56 89 18 8 56 18 65 74 3 35 94 10 12 54 36 2 9 74 57 58 16 42 
6 67 43 43 4 33 26 57 96 82 98 15 42 7 33 7 81 88 95 27 98 59 81 87 61 42 13 71 0 81 65 59 49 8 2 53 41 80 62 38 14 61 53 9 20 38 16 1 27 63 28 77 23 61 16 36 4 29 7 56 11 72 67 12 81 21 65 74 1 80 12 68 93 17 77 13 8 45 14 35 9 94 64 84 7 81 20 63 62 28 72 73 52 39 37 33 61 3 8 14 
83 72 82 28 42 11 41 50 57 7 37 18 53 53 2 60 34 74 76 97 2 48 22 7 39 60 92 0 15 0 67 50 25 1 78 19 13 19 69 22 26 58 40 79 11 94 91 46 68 67 95 23 15 69 30 7 81 22 7 96 75 26 98 52 28 28 71 93 99 92 15 25 50 55 56 61 1 0 59 69 67 6 44 35 76 26 42 57 1 1 6 76 80 4 80 8 33 51 1 32 
43 16 10 93 23 18 6 76 18 66 97 38 72 42 25 0 20 19 58 21 72 64 49 52 20 29 12 5 32 13 90 75 81 52 20 56 70 79 84 41 45 82 31 69 76 8 70 96 79 80 18 51 96 67 56 16 49 68 74 81 34 64 9 67 16 29 24 38 8 8 31 5 42 14 27 18 74 49 15 53 29 85 5 25 4 13 93 53 81 67 87 15 83 96 83 51 77 59 42 38 
19 25 43 62 92 22 32 66 71 99 20 52 84 77 29 41 90 23 46 23 42 33 39 78 81 74 29 59 33 23 97 4 49 92 18 41 67 51 59 38 50 79 91 87 8 20 28 50 95 74 74 90 60 65 68 41 39 49 52 24 25 1 28 74 46 47 67 13 50 78 51 0 58 94 39 18 67 67 21 14 94 95 4 54 60 24 47 51 26 0 75 51 1 55 77 99 54 44 12 4 
22 16 57 32 62 96 3 29 64 24 96 58 71 52 64 83 77 11 34 55 63 61 6 17 16 83 16 23 79 29 27 53 97 84 38 59 81 93 41 97 17 37 55 40 89 71 23 18 82 9 73 98 70 31 15 38 66 31 61 97 12 89 51 9 25 41 69 6 34 10 3 3 47 10 43 88 33 66 7 68 75 32 66 97 64 81 35 82 64 97 80 77 38 31 86 63 24 55 22 58 
65 77 13 64 40 56 53 73 74 12 41 1 44 7 98 60 40 33 43 5 82 23 82 72 6 68 36 82 76 10 40 41 87 53 6 27 61 11 1 35 23 94 36 67 54 34 80 46 19 23 51 54 98 85 26 56 6 14 38 82 24 30 23 12 35 81 91 96 92 44 31 15 91 19 35 45 53 15 91 24 90 95 78 88 80 5 96 38 71 34 20 96 64 96 60 99 77 51 47 22 
48 78 89 39 97 24 84 2 39 27 78 29 22 9 69 55 66 65 93 37 51 66 33 15 62 93 66 91 97 13 13 45 43 55 36 92 79 20 46 71 99 25 0 74 34 22 29 0 87 74 89 39 40 23 6 54 68 25 46 65 90 11 62 34 66 98 26 46 70 25 17 22 2 69 96 36 43 77 88 31 3 77 22 96 52 80 50 21 5 96 38 96 8 53 82 74 3 60 20 26 
85 89 48 87 11 96 75 54 25 15 37 28 45 59 24 97 92 75 70 49 23 61 45 31 14 79 6 69 40 78 95 77 20 95 65 31 91 92 37 16 8 75 97 53 86 21 2 78 48 73 28 72 34 25 55 0 5 13 69 97 44 17 74 64 12 91 47 4 84 84 72 44 11 69 49 98 43 51 76 43 76 56 67 62 82 23 14 39 88 84 88 32 53 62 48 65 6 47 21 42 
84 94 86 95 15 87 93 10 90 22 6 19 30 73 81 64 48 48 3 37 84 91 21 37 6 22 2 64 69 24 6 53 70 44 1 37 31 94 0 73 68 6 92 99 31 26 63 80 74 19 69 58 62 42 95 20 64 49 84 34 25 90 39 95 86 40 85 69 87 85 43 7 91 35 58 74 13 74 54 87 93 75 97 7 18 92 28 34 94 12 20 19 55 60 67 93 52 52 63 91 
37 58 99 80 45 57 54 59 31 61 46 76 88 44 36 58 88 64 93 82 28 65 54 35 77 21 29 30 25 44 21 14 2 72 94 99 30 0 58 13 13 57 42 54 1 78 12 41 94 57 76 74 75 30 10 52 3 91 34 28 35 56 42 89 28 88 88 10 40 99 76 6 56 70 60 9 48 24 50 94 34 78 68 9 8 78 13 63 21 48 43 8 56 85 49 36 25 38 47 18 
89 75 24 45 45 36 54 45 12 56 39 46 35 7 7 95 38 21 59 59 21 2 68 77 40 17 13 65 7 12 35 96 39 59 93 84 47 47 29 60 4 20 58 39 28 66 86 18 39 45 77 12 0 97 89 92 67 54 9 26 19 45 23 58 4 68 95 52 16 24 12 72 97 22 11 25 88 49 43 79 95 72 91 47 22 32 39 89 87 48 15 58 93 90 16 50 59 11 54 27 
88 18 99 85 40 62 62 29 11 57 60 58 29 52 5 51 84 96 92 23 97 60 81 90 50 50 92 61 13 46 40 1 64 39 38 5 1 52 86 65 9 46 23 91 50 81 94 87 77 87 62 26 47 44 69 49 94 61 63 59 60 3 61 24 43 51 81 96 4 19 61 65 18 37 56 20 18 51 7 47 38 70 74 37 66 43 38 12 56 1 71 16 57 84 93 52 36 26 48 92 
46 62 57 64 99 66 36 17 17 44 16 7 66 90 96 32 85 34 96 42 88 67 10 97 4 3 49 92 30 49 84 28 11 93 44 62 59 80 79 28 24 48 35 42 38 83 74 76 18 22 70 58 42 80 55 46 36 56 38 18 5 22 46 69 67 90 31 27 70 63 7 47 11 43 89 1 26 16 77 96 90 99 6 32 32 13 78 68 69 16 86 27 90 84 96 58 74 27 37 96 
90 44 95 53 39 37 55 18 53 84 66 43 84 73 28 68 38 6 36 8 23 74 35 65 58 83 23 84 10 12 32 53 57 28 58 96 65 13 14 70 50 33 65 86 6 93 54 44 52 90 4 75 16 91 92 74 74 16 10 37 28 42 90 37 22 48 34 39 14 0 9 64 33 27 2 91 72 56 88 24 98 92 51 14 84 44 40 58 12 2 47 40 44 37 30 19 38 16 58 52 
16 20 68 2 99 70 45 71 78 33 48 76 78 99 42 14 95 82 24 7 84 72 0 80 9 30 99 99 46 10 3 14 30 23 68 81 45 14 52 23 99 52 99 77 52 41 43 47 75 68 7 11 40 7 92 1 37 43 1 35 53 4 49 35 28 70 16 73 36 21 49 35 73 0 65 77 94 8 77 69 76 84 81 68 91 25 70 80 68 71 67 22 27 68 9 7 38 78 33 74 
99 82 62 24 82 27 54 76 87 31 98 16 15 31 84 58 56 54 90 24 77 57 98 5 25 8 12 64 86 45 90 37 79 52 13 14 31 67 90 71 98 40 87 65 71 23 23 27 78 65 52 7 22 2 12 0 10 77 64 48 74 6 37 6 11 51 20 42 18 10 65 17 3 4 34 74 28 58 2 58 75 6 65 98 8 30 98 71 7 14 19 33 72 57 39 83 8 59 78 78 
22 43 95 25 48 30 51 76 40 53 34 15 59 51 65 20 81 15 91 40 81 10 26 54 19 65 37 79 77 15 58 51 59 53 28 59 35 79 35 27 33 21 95 44 24 12 16 58 28 7 98 9 18 76 63 89 94 53 69 23 68 27 74 79 32 2 38 20 33 25 47 18 98 94 15 23 7 31 33 35 39 83 96 9 60 12 98 54 65 19 77 33 46 3 65 31 57 3 51 90 
81 50 9 79 45 24 54 52 7 87 39 46 71 87 55 83 99 6 37 64 25 66 50 24 69 15 55 26 70 6 68 51 56 29 83 53 53 89 5 13 29 96 59 52 84 67 35 83 25 24 0 2 90 2 26 11 17 81 37 39 39 57 43 48 87 26 1 92 67 59 5 96 55 65 48 91 84 35 27 9 59 27 11 49 29 38 60 98 71 49 37 63 7 80 11 94 58 12 86 78 
71 44 74 79 9 75 70 45 10 97 54 22 76 65 71 5 55 84 55 79 85 45 42 92 25 5 38 36 69 77 14 93 21 40 72 82 67 42 27 30 92 81 52 68 98 75 26 6 59 81 37 45 26 79 89 4 36 80 92 5 57 58 98 30 98 70 12 18 65 39 48 57 72 52 25 22 27 51 28 39 85 65 36 11 96 25 67 84 5 59 90 14 69 40 44 20 63 56 38 28 
47 38 37 71 90 62 94 17 66 74 8 51 92 44 14 40 22 34 25 79 45 67 94 15 7 38 35 22 47 25 50 46 63 87 18 53 2 64 22 20 38 83 23 82 27 89 23 1 75 48 81 21 67 75 88 26 65 75 49 12 0 99 11 15 39 29 20 93 93 94 65 83 77 88 66 57 29 89 58 5 89 39 78 8 66 66 34 32 41 83 96 93 35 7 8 74 88 80 19 81 
74 84 17 52 24 83 9 53 24 19 10 65 59 88 73 77 6 7 9 99 91 58 92 26 65 52 52 54 32 71 87 7 7 4 11 83 39 72 88 63 91 99 28 2 39 1 80 46 61 41 45 52 99 90 78 17 94 82 23 27 5 10 86 12 67 97 95 6 69 35 22 12 34 2 15 26 4 95 72 65 88 69 69 88 59 99 57 54 81 80 33 86 42 71 50 9 68 97 68 89 
32 42 1 19 44 68 45 0 63 69 17 52 38 86 92 50 37 49 56 18 29 89 56 23 60 58 85 80 55 53 21 40 47 74 11 91 43 56 92 58 25 9 62 15 48 54 65 85 55 21 56 84 62 64 60 74 23 45 54 30 50 27 22 97 2 33 88 97 41 32 55 66 94 18 34 94 24 99 31 80 73 87 16 35 4 76 10 79 21 16 61 71 44 84 20 98 69 61 95 11 
93 50 29 39 20 63 33 45 15 65 25 88 4 41 23 60 70 33 39 91 50 53 15 46 37 35 44 58 96 39 69 42 41 99 81 14 14 15 59 29 32 36 69 88 29 93 49 99 78 40 91 80 93 58 78 30 93 22 89 42 13 10 84 7 61 17 21 76 32 32 57 16 68 27 5 49 72 6 49 2 46 92 35 40 50 13 22 95 36 63 37 1 74 73 8 35 91 81 63 75 
65 73 92 85 0 49 35 24 55 84 26 1 28 13 93 78 27 16 25 15 79 15 16 5 88 77 41 79 10 56 7 76 29 51 61 81 0 96 5 7 32 84 60 60 97 54 90 24 70 16 39 1 31 8 7 71 85 0 3 47 8 10 23 38 61 85 19 13 33 77 20 18 13 80 30 62 86 21 87 56 89 78 10 72 38 69 43 75 69 98 23 77 8 46 67 21 83 39 86 69 
16 6 87 81 39 17 43 25 90 82 34 79 13 44 3 51 65 99 79 34 97 2 63 58 0 83 79 36 22 18 5 90 24 92 71 15 61 14 41 52 49 27 83 62 23 87 13 88 86 92 74 83 46 89 93 99 72 73 35 46 91 40 36 67 84 59 83 97 26 76 49 75 55 85 37 78 72 2 66 10 47 40 45 45 29 39 44 54 64 79 0 55 71 89 74 55 0 9 53 26 
37 54 53 92 39 42 70 63 97 88 73 44 80 19 89 10 58 86 16 22 65 68 29 37 57 55 44 10 17 49 88 54 4 42 99 95 36 69 59 33 10 84 77 90 55 19 52 65 5 68 39 22 37 20 59 46 76 56 8 93 5 97 99 61 39 98 57 75 20 68 61 30 4 90 72 60 9 25 25 66 93 17 41 82 37 52 81 13 8 89 58 14 86 10 75 77 8 84 5 80 
4 66 62 9 8 35 21 18 60 98 36 5 15 29 40 53 82 21 18 90 62 29 56 1 39 84 30 99 20 87 80 25 5 94 34 14 29 7 84 41 5 20 47 21 2 39 26 84 12 96 26 74 25 83 27 16 67 58 16 39 97 48 64 3 42 50 17 24 57 1 65 15 73 64 36 75 3 14 59 67 10 86 42 36 21 21 52 40 31 20 79 29 68 44 32 63 46 1 39 56 
2 4 71 27 21 59 3 76 73 14 44 83 52 86 71 73 59 76 65 91 96 45 72 17 41 4 32 39 57 71 95 59 27 66 86 48 25 41 25 50 8 69 86 60 7 57 86 18 33 51 9 82 48 33 51 41 89 35 81 46 6 28 5 33 47 44 34 24 85 59 75 93 80 61 6 39 70 44 57 4 95 67 38 96 52 41 89 42 76 70 88 82 51 46 67 98 90 53 22 27 
64 49 73 44 10 31 83 81 75 41 37 22 60 27 18 12 68 8 54 44 30 95 78 33 41 97 31 31 3 6 10 67 55 83 12 18 66 47 51 41 40 88 64 52 67 34 65 35 42 71 31 25 66 61 58 59 10 42 90 13 0 53 81 55 88 45 73 55 44 24 96 85 64 60 37 31 95 54 18 89 78 1 66 96 14 77 56 25 71 98 90 71 51 23 26 40 20 52 47 65 
28 43 2 45 56 39 76 3 46 47 44 76 0 11 72 15 40 80 92 11 79 82 82 82 58 60 74 78 12 21 43 93 17 45 38 73 37 66 28 35 13 72 11 14 35 35 81 75 16 73 86 47 7 20 29 65 81 4 96 45 77 39 38 94 37 76 19 74 43 47 9 8 72 72 74 7 7 55 35 23 28 73 70 88 46 52 5 27 56 1 24 33 41 63 80 78 91 99 4 86 
99 65 95 23 37 69 82 44 25 17 20 5 43 42 45 89 94 51 68 2 52 92 88 45 7 68 75 99 19 79 85 70 96 32 93 33 2 76 30 79 45 2 36 88 44 82 77 91 33 45 45 37 90 33 83 97 53 10 96 73 90 34 95 86 66 89 72 20 17 2 99 62 56 36 3 0 18 32 43 3 78 89 40 20 74 75 17 28 86 66 53 28 0 48 66 18 89 38 39 6 
92 90 21 48 26 24 1 96 56 44 99 86 85 92 6 60 67 24 88 5 42 93 33 42 41 0 12 31 90 51 89 83 42 10 83 20 86 84 17 43 81 68 81 18 12 88 78 32 64 18 37 6 11 23 0 5 23 12 88 13 16 77 48 58 40 32 30 26 16 99 21 49 20 3 68 32 91 98 64 7 17 54 65 80 77 65 85 52 29 25 65 45 3 14 55 95 46 86 73 14 
37 95 16 57 50 36 90 93 34 6 0 51 12 65 84 89 82 69 41 11 95 59 9 50 73 16 97 71 54 70 37 92 17 5 49 67 41 91 60 76 98 12 79 10 77 63 52 11 85 45 75 32 4 36 34 29 52 31 52 59 53 42 51 23 47 52 90 89 44 3 17 94 15 96 56 45 12 60 8 97 6 83 81 10 19 15 92 24 98 44 83 3 86 86 26 86 38 69 27 34 
24 44 28 39 40 37 36 4 97 45 1 3 80 34 66 0 1 10 76 99 54 59 55 93 45 81 31 35 2 58 70 26 2 50 18 94 87 54 99 85 51 52 40 32 87 58 32 88 68 60 40 75 19 95 20 16 28 51 51 83 61 21 9 63 24 79 9 11 34 8 48 85 61 41 69 0 99 53 40 20 13 80 95 32 27 67 0 56 70 4 39 31 77 0 46 1 80 55 13 66 
16 61 3 29 54 73 29 54 26 69 74 40 2 21 24 29 40 77 37 62 81 28 93 58 81 91 60 61 46 73 79 14 86 82 43 41 7 72 47 86 94 73 78 48 46 2 29 86 79 67 0 12 95 93 71 76 36 31 89 34 56 20 49 94 55 92 87 62 17 86 0 63 59 78 11 5 81 40 43 12 7 43 25 55 88 48 83 24 79 25 59 87 45 60 81 52 52 21 67 69 
7 67 32 67 46 95 24 79 36 20 43 95 15 68 2 56 16 86 32 47 63 43 34 60 3 68 13 56 89 80 77 48 99 10 67 45 57 44 24 93 64 68 41 31 88 43 87 57 81 72 4 44 15 91 57 19 59 70 27 0 2 4 48 1 66 16 99 24 60 23 69 76 43 10 59 84 54 99 93 35 71 97 32 86 40 89 57 51 11 36 51 13 93 52 66 11 20 65 87 32 
41 57 8 36 19 67 20 73 66 13 61 89 63 45 28 55 34 85 7 45 74 10 10 67 14 76 78 34 94 66 66 35 75 26 71 94 46 44 20 12 9 33 2 72 78 82 80 12 67 87 9 41 49 71 60 64 99 91 98 93 57 17 28 84 43 52 78 89 96 98 54 57 83 8 82 61 90 62 25 9 49 86 3 98 57 63 62 57 54 13 50 63 30 31 47 25 35 26 15 83 
76 21 40 12 29 22 73 19 84 99 80 85 85 83 84 95 47 98 52 53 63 54 17 93 37 64 71 72 42 86 55 71 7 96 83 88 18 8 59 55 7 39 40 45 23 76 92 22 75 44 75 38 50 44 84 88 61 55 60 55 93 16 26 52 64 61 40 82 22 51 37 29 90 30 26 65 6 18 87 33 14 63 72 17 59 8 5 20 15 17 76 8 33 54 12 49 68 4 32 90 
55 21 71 45 51 98 11 10 68 50 43 35 13 67 52 25 75 9 45 42 26 21 2 12 28 14 61 96 18 45 86 73 67 57 71 70 7 82 80 28 32 24 63 98 43 67 75 71 76 20 13 2 94 16 14 22 30 76 70 1 73 56 74 40 65 45 63 25 79 95 53 64 19 68 14 15 35 89 86 11 61 99 65 55 15 80 29 98 8 51 99 81 59 25 74 25 23 37 2 54 
32 55 70 4 23 84 71 10 25 57 73 39 56 38 46 24 70 28 74 30 79 73 64 39 50 38 16 25 27 18 80 11 73 50 67 48 87 38 10 64 47 83 3 4 21 50 80 92 78 54 22 9 79 38 48 29 76 64 7 55 34 87 19 59 89 38 59 28 29 69 93 76 52 48 32 26 50 12 70 80 66 44 90 97 83 38 79 11 55 86 19 41 73 38 1 14 28 60 43 57 
82 88 34 34 36 18 12 39 31 82 19 49 27 9 47 10 0 26 21 7 12 40 48 37 30 1 51 59 62 46 68 44 34 54 30 23 73 43 62 56 77 81 5 4 43 4 14 43 30 88 2 94 80 2 83 63 4 35 74 18 33 42 14 68 97 44 43 22 39 5 78 17 38 83 73 81 88 40 76 70 28 78 17 60 33 0 23 37 87 97 55 21 92 69 41 89 65 84 63 57 
41 41 74 79 24 99 13 64 39 89 87 67 20 4 80 53 4 55 42 44 53 97 65 45 18 6 86 83 42 49 92 83 42 66 62 66 18 75 83 57 17 70 77 89 26 57 42 30 12 84 74 17 33 91 14 51 49 0 86 91 1 79 26 43 97 41 62 15 68 97 73 85 19 2 74 45 59 68 27 23 4 54 41 37 45 55 40 47 8 79 90 61 58 17 57 7 58 19 23 26 
16 48 64 35 50 90 32 61 59 59 84 63 13 25 53 11 33 45 58 93 24 48 54 34 17 11 42 75 82 17 54 50 17 18 37 19 8 69 80 19 29 16 35 94 94 40 57 27 85 15 72 62 16 26 96 33 90 90 61 72 59 67 23 28 37 12 47 45 82 79 17 63 96 4 9 42 44 67 21 81 34 93 43 2 71 92 88 61 34 49 86 46 68 61 74 5 73 74 50 55 
53 19 70 1 23 80 95 67 47 16 49 81 9 44 84 33 88 24 94 23 73 32 69 41 93 95 46 67 69 48 74 75 20 97 28 43 77 24 63 24 40 64 57 2 60 93 35 49 17 81 24 42 14 93 35 59 40 33 78 10 34 53 85 54 50 13 49 79 37 12 55 30 28 12 32 89 58 67 90 27 0 14 70 14 59 57 74 99 91 52 9 25 57 46 79 59 12 80 38 1 
93 93 31 73 58 63 14 16 82 4 95 83 70 17 97 29 75 23 81 66 76 42 43 85 41 22 45 53 2 83 54 47 29 86 73 87 1 87 55 84 44 50 19 66 68 68 96 95 92 29 61 20 71 56 5 12 78 50 17 32 86 72 32 15 58 57 54 59 44 9 95 40 11 14 7 31 35 55 26 27 36 39 99 7 95 4 72 25 7 89 10 45 61 94 60 71 51 66 83 47 
27 30 40 38 97 47 22 32 54 48 59 90 40 58 49 35 14 21 13 73 63 75 18 76 69 30 0 20 96 83 19 23 65 59 14 62 6 36 94 12 36 5 2 76 15 52 64 30 25 77 3 88 52 22 65 73 4 65 93 1 0 64 24 65 24 38 28 82 26 74 95 63 80 97 39 47 49 55 77 75 32 33 15 36 7 32 9 11 97 54 12 49 19 89 15 43 79 95 77 6 
21 72 21 53 70 60 1 71 16 30 98 0 63 14 89 22 46 50 34 96 5 98 97 76 39 64 71 19 59 48 77 33 21 98 86 43 10 39 14 26 70 65 79 85 31 68 8 29 18 42 25 75 92 23 3 32 39 26 51 51 27 80 84 48 78 22 43 88 62 9 67 32 74 46 17 5 66 25 35 36 19 12 64 12 87 19 44 27 46 47 78 73 27 14 73 57 36 68 97 98 
77 64 30 4 62 0 9 80 77 96 69 97 61 33 61 48 52 57 27 50 4 57 75 83 71 0 92 8 68 89 6 46 54 89 50 68 41 11 1 18 8 70 67 21 3 28 69 7 85 49 10 41 6 85 76 78 86 68 38 6 58 96 52 64 37 54 32 78 66 85 49 26 55 16 47 10 45 68 70 82 17 80 24 76 17 0 54 55 69 92 62 79 40 66 43 78 21 27 56 39 
13 5 65 68 22 64 31 19 32 1 1 2 33 77 78 50 78 84 58 99 28 20 78 68 38 73 46 59 0 55 98 65 60 15 86 34 79 17 5 64 18 7 66 3 36 96 53 14 32 63 65 12 83 95 32 22 20 79 33 73 86 84 38 98 99 76 33 79 93 38 95 63 97 13 66 34 61 72 0 93 35 18 5 71 65 37 45 86 68 78 59 54 62 49 5 14 26 38 45 71 
28 40 35 78 53 53 12 14 25 64 59 61 82 64 32 48 53 29 34 74 7 45 80 22 94 85 36 72 75 81 44 4 73 79 82 26 32 46 92 10 10 51 71 45 67 55 93 72 84 79 46 43 76 79 17 70 64 53 43 40 86 39 96 59 18 30 37 2 28 81 12 90 32 35 35 51 42 80 24 78 11 22 22 87 1 91 58 66 45 53 58 83 92 6 95 62 36 84 16 64 
66 29 54 50 16 42 2 59 22 26 37 34 0 11 73 2 3 31 68 0 36 78 35 80 84 82 94 20 67 11 36 85 92 42 35 8 36 89 19 11 67 9 45 68 72 18 70 27 2 90 79 90 68 15 23 52 49 17 24 16 28 12 53 72 6 41 81 43 30 52 54 98 61 51 66 86 21 88 13 75 78 93 66 98 60 89 50 9 58 26 78 39 90 31 11 96 72 44 91 55 
97 45 53 10 48 71 96 70 11 10 45 89 55 63 87 15 4 89 24 63 67 54 2 57 38 65 5 62 10 97 17 59 94 22 21 43 45 18 65 56 80 62 97 35 26 84 2 30 25 78 45 44 33 99 53 71 65 59 85 27 8 3 38 54 77 59 97 23 29 14 79 9 77 77 96 55 13 98 85 91 77 83 87 62 82 41 85 99 52 70 78 60 25 16 14 3 28 64 78 57 
78 57 19 7 86 67 62 52 66 0 95 95 35 82 9 69 23 46 69 75 16 99 87 94 68 2 49 96 18 27 5 48 36 76 56 75 44 70 27 62 22 22 9 57 56 18 27 80 64 48 7 32 47 95 78 15 97 27 63 67 54 21 15 43 97 23 18 41 94 97 55 16 71 64 26 27 82 53 59 98 1 67 83 0 62 61 68 11 89 31 78 95 4 93 90 2 17 8 95 63 
57 51 79 80 67 57 8 2 10 19 0 63 86 35 64 48 97 32 11 38 15 89 33 20 35 24 74 52 84 21 67 94 72 98 74 40 56 34 94 66 54 94 82 40 30 98 41 79 30 4 17 97 94 50 69 81 26 95 85 63 17 52 57 41 50 31 81 6 18 75 25 72 22 7 64 4 5 57 83 87 62 0 36 56 2 6 89 81 1 74 96 70 26 53 12 76 36 45 83 54 
73 60 78 95 67 43 51 24 0 86 11 62 38 47 70 92 5 59 73 59 33 21 29 11 26 93 88 63 39 23 69 12 83 0 59 2 43 10 26 95 48 89 10 86 88 80 78 46 92 4 57 77 25 38 41 52 32 29 67 71 4 88 35 39 88 94 93 31 56 19 79 4 60 89 90 48 21 20 46 65 24 3 43 2 42 84 54 74 65 21 97 21 9 32 60 98 26 53 81 34 
24 60 38 84 1 80 84 23 0 83 88 77 86 83 79 28 19 85 54 36 6 51 57 67 83 17 17 61 22 51 95 46 11 85 82 13 17 19 88 70 2 76 47 40 12 78 69 31 63 75 68 21 27 25 88 10 95 58 24 17 9 71 16 72 57 50 37 26 21 25 96 75 54 95 16 66 25 37 97 88 12 17 61 91 43 50 54 90 60 78 7 69 49 75 41 58 78 79 37 51 
4 85 27 10 81 95 76 58 84 74 47 48 91 8 40 86 10 94 76 70 24 36 91 73 63 33 84 93 64 21 45 20 6 72 31 39 19 7 98 3 33 97 51 77 57 43 15 20 89 44 42 13 32 34 39 95 19 23 41 35 96 86 55 54 10 38 46 29 98 96 84 31 45 87 60 54 31 76 74 20 72 69 86 4 3 25 51 74 0 92 9 48 78 16 54 88 55 0 69 5 
48 5 36 93 93 49 48 76 77 74 48 49 43 34 5 98 11 56 72 11 49 33 59 79 50 14 20 57 66 41 62 15 47 50 60 40 51 60 68 28 87 68 29 30 3 34 81 14 43 53 78 44 39 37 23 41 3 95 50 70 37 64 37 84 14 97 76 18 10 96 46 97 64 28 79 67 62 60 34 57 14 12 1 5 1 77 46 57 72 96 27 61 60 16 97 26 65 73 96 75 
69 43 24 86 23 4 53 37 64 39 95 30 3 48 35 57 25 33 14 50 29 93 11 41 9 9 20 26 34 16 2 4 11 26 90 86 30 95 24 47 87 19 77 42 67 13 99 45 46 65 95 28 58 6 21 19 15 93 46 50 62 0 6 25 26 48 12 9 95 36 56 34 7 85 77 26 98 76 71 97 42 66 77 52 25 50 24 92 96 70 94 58 70 0 35 48 0 47 9 48 
35 17 82 42 3 59 69 53 88 92 2 82 59 31 34 36 34 58 28 30 80 23 40 50 75 75 51 76 23 12 24 10 30 6 53 85 18 74 38 6 66 93 88 77 24 74 13 58 33 42 88 65 17 80 68 92 56 19 68 31 83 44 41 13 3 46 98 21 20 89 27 39 82 67 16 58 41 82 69 26 76 57 92 93 90 60 85 46 31 6 29 14 50 22 80 53 69 30 26 41 
19 53 80 53 72 49 64 14 31 33 40 7 42 84 52 32 96 37 30 27 43 59 94 46 34 74 99 3 56 26 44 76 31 77 81 4 26 45 70 9 30 62 16 73 47 20 5 95 57 88 75 53 99 69 99 33 95 98 88 51 76 85 79 60 62 13 16 88 58 86 97 41 0 65 14 99 85 71 95 94 59 70 47 59 91 46 44 86 97 33 37 25 18 69 85 80 82 1 20 92 
39 69 33 92 86 47 91 23 71 38 17 30 8 65 41 99 63 86 85 60 71 75 86 89 44 23 21 78 77 93 70 68 62 4 60 48 3 4 71 74 42 40 57 51 57 50 2 21 88 40 33 59 15 71 0 11 95 21 89 24 14 11 92 28 15 5 76 71 9 99 45 51 92 54 54 49 5 57 22 93 97 56 53 64 79 53 27 26 27 68 50 93 79 95 22 47 0 50 18 61 
50 15 12 94 70 67 43 27 76 66 20 73 74 25 89 53 31 16 80 58 36 30 51 15 25 25 14 77 76 32 90 78 48 3 72 70 22 15 97 50 33 69 75 7 95 64 61 26 32 41 36 68 71 39 35 49 65 50 78 41 82 69 19 82 24 43 4 98 58 53 48 92 23 23 51 70 39 12 96 71 53 84 91 77 23 26 78 88 28 8 81 63 77 52 97 53 95 2 51 54 
55 51 98 30 74 1 0 65 14 48 36 19 32 79 96 56 58 26 96 86 35 30 49 64 82 99 70 78 1 21 84 8 73 34 39 99 35 91 65 1 40 53 21 72 33 69 80 91 96 29 29 83 59 31 99 41 30 69 71 83 43 55 43 68 41 82 67 29 74 84 30 14 90 51 38 75 21 19 18 69 48 47 4 59 78 3 0 60 25 24 43 68 31 87 36 73 21 55 2 47 
92 32 13 82 36 52 57 57 23 75 78 23 74 82 82 53 37 34 65 62 58 61 30 90 48 18 63 21 74 17 69 66 49 34 0 85 38 57 94 61 84 24 36 58 6 18 63 96 53 29 58 63 90 41 53 90 59 68 11 33 85 32 51 87 67 51 24 57 60 19 19 44 43 7 3 2 26 18 98 31 47 8 94 37 49 48 79 9 68 91 94 54 75 98 41 94 1 65 52 62 
36 23 58 32 30 13 86 56 32 84 39 79 44 34 69 94 34 48 55 2 91 1 8 67 99 49 61 53 67 13 15 55 36 73 87 67 87 73 75 19 9 67 50 54 53 19 0 87 20 7 41 11 8 2 78 60 51 40 13 70 5 80 26 42 53 65 61 92 39 88 63 0 55 66 54 8 85 6 47 57 13 89 69 22 91 47 34 94 39 47 17 45 27 43 39 32 8 0 77 99 
88 92 0 96 58 6 4 96 13 52 53 26 41 22 0 84 22 86 30 61 85 47 58 64 42 97 49 3 49 26 54 90 18 6 86 77 13 90 73 78 42 26 56 35 1 9 71 23 95 54 36 81 53 47 45 96 96 94 51 98 72 5 88 91 12 26 20 77 16 45 55 11 71 11 98 24 20 22 99 68 76 36 49 81 35 46 77 31 93 80 29 65 38 69 8 2 95 28 79 64 
73 34 27 97 97 77 21 70 51 73 38 79 61 87 61 96 85 38 79 78 71 9 96 9 30 4 11 26 85 42 42 10 76 69 7 25 98 81 95 50 54 33 29 15 72 90 63 58 81 42 88 52 3 84 13 34 41 76 12 26 18 54 36 94 75 96 71 73 29 19 23 83 52 5 50 77 47 13 87 28 55 27 32 59 12 45 45 5 21 57 83 39 11 19 85 86 67 9 11 96 
28 87 31 32 92 81 9 39 46 48 20 54 76 52 13 40 50 10 45 23 67 28 15 78 99 52 16 19 61 27 15 89 14 99 22 58 80 83 50 79 32 70 33 60 74 98 0 24 8 97 0 75 25 15 5 76 67 21 95 81 0 63 22 67 62 96 25 94 80 27 73 64 97 6 24 72 56 76 48 64 73 0 91 50 15 96 26 35 17 74 16 70 37 90 37 51 87 14 45 67 
42 19 83 91 77 59 15 86 87 16 50 60 16 42 10 84 90 88 19 8 62 87 30 51 77 67 2 64 33 48 83 27 19 18 19 48 77 86 34 64 2 37 76 71 31 38 55 21 27 74 81 41 13 11 93 90 30 47 7 64 47 90 43 66 61 62 67 38 1 53 55 55 90 83 26 21 22 81 43 1 7 76 42 20 88 87 63 18 35 70 34 82 12 78 1 73 92 68 64 45 
21 71 1 64 54 27 85 28 61 80 29 20 57 24 41 97 11 56 67 46 78 2 81 90 32 82 16 76 2 80 22 23 3 23 39 9 2 25 38 63 57 19 84 66 43 77 63 55 33 31 53 11 85 34 53 17 68 21 93 70 1 15 46 56 90 85 66 93 62 4 8 20 23 92 86 19 21 2 74 6 33 79 69 18 66 23 87 34 44 32 57 98 0 3 54 90 40 72 83 3 
28 92 23 52 36 61 23 10 15 97 16 48 28 86 18 94 61 57 81 57 90 90 55 90 93 62 32 33 34 16 88 63 60 63 67 48 25 90 58 40 39 75 41 19 13 11 66 74 69 99 31 11 89 39 1 34 1 85 19 87 53 8 2 13 71 21 14 48 63 24 41 54 99 82 26 64 45 92 38 14 91 70 77 80 61 30 14 62 16 85 1 69 93 56 35 65 29 49 65 45 
73 6 51 25 40 77 89 86 69 80 52 12 50 30 44 11 60 10 25 76 96 78 98 89 86 33 6 68 34 72 65 7 78 16 84 71 94 74 57 15 6 61 80 56 91 24 19 4 35 96 32 31 26 30 20 65 15 79 33 49 51 98 57 81 66 93 52 60 19 61 28 25 23 8 33 66 32 52 70 19 0 55 50 27 85 23 92 1 2 77 2 5 27 59 86 93 5 39 6 24 
52 34 50 75 94 83 42 78 88 64 98 88 19 0 67 57 23 11 10 77 40 12 82 67 24 21 61 29 12 19 53 64 53 55 40 99 39 34 77 79 98 27 19 18 28 87 75 3 50 85 33 91 97 67 10 21 88 23 50 0 42 56 65 47 11 57 46 2 91 76 81 89 3 1 7 83 40 82 39 42 19 72 85 17 91 96 90 80 19 41 80 62 49 97 9 12 54 8 15 45 
84 48 35 87 1 94 23 93 77 14 36 96 38 21 65 29 69 56 9 89 49 42 3 50 39 12 62 94 20 77 91 56 78 26 96 79 21 19 73 50 33 9 98 71 82 16 0 52 72 62 93 73 4 96 23 43 60 85 89 33 15 81 89 93 59 85 72 80 56 45 82 41 6 33 64 41 49 17 93 21 79 86 46 35 34 69 30 94 6 20 79 21 53 69 66 12 6 39 45 15 
36 79 56 95 12 21 36 61 90 81 34 69 19 80 4 53 1 34 99 8 6 79 81 59 0 48 24 6 39 21 73 75 0 30 22 13 3 58 74 93 39 9 14 10 41 70 63 43 56 63 51 63 94 32 74 94 32 50 52 71 71 26 99 72 56 21 85 11 32 11 4 23 20 70 34 14 40 97 57 96 12 60 59 6 92 86 52 77 36 5 48 8 31 47 32 39 21 17 50 53 
28 6 76 1 76 62 15 16 12 24 64 24 84 76 83 28 62 35 5 50 40 6 10 71 5 42 62 26 11 12 31 92 70 60 45 98 22 12 66 34 36 31 11 20 7 94 48 21 29 6 71 22 12 34 45 17 76 8 96 40 72 27 32 43 87 29 41 62 41 8 96 77 39 7 49 98 1 97 71 83 55 94 5 67 28 50 37 57 58 33 97 31 60 81 26 0 10 67 62 51 
27 58 28 18 18 29 68 71 26 39 54 34 34 59 1 62 62 90 19 72 23 68 3 36 49 81 36 59 49 98 62 28 8 42 47 26 71 67 98 50 7 4 84 41 16 37 3 78 28 75 50 51 43 6 87 45 87 23 4 88 73 19 69 82 61 68 60 33 35 10 83 42 15 67 83 83 4 39 61 32 66 63 36 9 21 23 6 61 99 63 49 72 82 70 6 43 38 67 76 74 
29 59 16 44 78 52 79 83 43 92 67 9 56 3 70 29 79 77 90 78 40 92 2 22 62 9 65 1 28 94 75 57 5 43 54 84 95 85 19 38 78 86 99 34 42 70 63 21 47 6 99 39 98 53 61 60 62 78 61 42 24 88 52 30 32 58 14 79 43 33 70 21 19 69 7 61 39 23 34 38 29 33 77 27 39 90 39 1 21 1 96 45 89 0 27 73 58 41 53 53 
26 75 27 46 44 86 59 36 9 46 26 90 31 56 69 70 46 9 72 19 62 20 17 3 20 44 77 30 38 82 35 64 57 14 62 53 1 74 89 62 20 16 53 51 72 74 22 70 83 46 42 97 18 11 1 38 55 30 20 45 64 7 10 73 22 72 26 23 98 68 85 18 36 90 70 60 65 44 82 0 90 24 98 8 35 51 98 43 33 70 88 97 29 50 22 51 23 48 74 73 
68 12 92 56 2 14 16 67 58 51 68 0 75 18 60 63 69 10 58 2 32 98 51 61 49 73 13 24 73 39 97 42 51 41 98 6 55 67 73 65 18 93 17 45 11 77 60 32 39 70 34 71 69 85 33 70 10 98 46 84 37 95 26 41 37 76 47 44 43 72 10 13 66 27 59 29 57 71 62 96 42 96 20 63 34 53 33 44 51 31 28 40 26 6 81 15 83 28 60 78 
1 22 92 19 1 3 48 58 26 10 7 68 7 27 31 93 32 16 37 35 47 18 75 26 24 57 41 59 37 53 38 90 75 82 9 29 37 58 39 63 20 98 84 79 25 15 72 9 84 62 44 83 80 72 9 56 81 3 16 70 56 6 61 84 40 22 13 77 32 4 92 53 3 76 32 80 44 57 90 28 19 86 11 51 58 73 7 39 76 23 10 84 81 23 20 21 45 85 98 78 
90 43 83 93 19 15 73 63 72 15 91 43 2 55 94 12 28 2 4 56 77 66 40 59 89 13 80 86 98 31 16 88 74 99 33 93 67 59 9 91 26 0 35 28 7 81 93 35 83 97 91 13 63 84 72 4 97 4 42 47 35 59 88 61 10 21 7 77 32 16 21 59 68 56 39 76 89 84 63 73 81 7 86 96 43 10 52 92 14 95 39 2 6 27 15 16 1 22 46 85 
90 67 96 11 75 36 87 64 20 2 89 54 9 27 2 52 89 55 44 4 2 36 58 60 63 73 76 16 48 74 2 90 93 98 1 68 86 40 85 59 43 26 13 4 54 67 9 95 74 53 51 76 41 9 36 5 35 65 73 35 39 75 25 85 26 27 53 12 67 90 23 10 17 88 67 23 56 76 18 30 81 70 59 23 31 95 80 66 12 53 53 4 81 79 89 7 6 94 71 25 
85 95 88 54 83 55 29 91 31 47 22 12 69 81 87 53 28 67 71 41 21 25 97 54 4 38 61 62 32 84 87 69 31 27 23 67 82 4 58 65 52 32 30 73 13 17 26 94 85 98 87 58 23 84 12 79 22 73 41 6 9 80 76 93 8 51 60 42 56 70 8 60 3 38 85 68 55 12 62 92 62 1 50 37 37 62 16 11 87 9 18 97 89 46 90 49 97 2 92 5 
72 0 65 27 90 3 96 97 15 10 90 29 64 40 66 1 3 34 13 90 43 31 39 84 77 81 34 26 83 26 32 8 78 49 35 68 52 83 65 19 46 7 0 10 48 66 11 3 0 24 93 95 7 85 80 36 66 14 63 50 40 47 10 18 48 45 38 53 81 55 72 27 63 73 37 63 91 0 66 44 25 11 39 84 96 71 21 15 85 36 65 77 83 75 47 83 72 37 36 53 
93 61 80 8 86 69 71 77 70 37 21 47 0 13 83 97 84 4 12 22 40 29 99 75 56 99 59 28 36 95 34 29 56 66 37 42 88 60 72 58 97 45 57 98 58 40 47 95 97 11 69 37 40 68 13 48 19 72 28 56 19 62 37 28 29 75 70 69 35 42 27 85 88 36 35 98 28 34 45 25 45 14 15 37 35 28 85 54 52 13 10 23 28 0 51 9 75 22 78 62 
16 57 99 56 45 86 7 73 20 52 51 65 19 66 54 54 46 39 60 50 5 23 73 33 23 25 94 50 99 72 64 67 81 16 76 26 2 83 99 23 87 2 40 58 68 95 12 66 86 25 16 91 48 42 76 23 67 70 73 18 94 89 85 75 5 61 1 8 96 53 83 84 7 75 42 76 70 7 94 9 84 11 52 84 5 29 7 72 51 32 42 98 21 79 73 79 41 27 39 89 
32 74 25 39 49 20 67 72 79 62 81 63 25 33 47 30 14 6 54 18 38 48 16 11 27 41 42 20 68 81 10 52 7 35 92 57 55 11 81 34 73 14 97 50 99 96 80 14 2 86 32 92 34 48 56 62 89 98 82 10 32 44 62 91 80 6 48 87 18 81 22 43 95 71 94 95 20 26 9 74 65 93 67 99 93 75 13 34 25 48 44 9 92 59 1 72 17 49 60 35 
31 34 31 78 57 25 73 77 3 34 52 68 27 19 20 72 46 33 7 71 81 3 81 74 14 82 98 32 83 10 19 66 44 50 45 54 27 70 31 83 5 83 51 84 54 23 57 0 57 16 24 90 19 5 16 34 39 67 18 22 77 89 41 74 40 86 28 19 56 59 54 13 95 6 98 1 81 55 2 38 71 78 81 42 83 97 28 74 64 46 48 94 36 89 68 28 27 48 99 36 
59 54 49 6 12 47 8 93 54 62 84 77 40 65 20 75 14 48 49 31 47 97 25 35 39 45 63 66 45 14 2 4 68 52 11 80 51 71 26 6 33 10 83 73 27 55 48 93 56 97 24 3 46 49 38 85 46 53 4 91 67 6 48 36 10 11 68 62 82 46 20 15 8 55 88 87 11 88 81 67 37 5 22 83 7 60 21 53 65 25 97 32 83 45 20 94 8 41 8 90 
87 80 57 48 87 97 35 50 85 16 69 22 22 91 57 81 3 78 34 68 55 83 53 39 28 73 85 88 14 45 78 54 77 87 2 64 84 37 15 69 54 36 43 28 28 1 9 83 31 95 52 39 79 57 78 59 30 15 48 97 12 78 51 89 66 53 5 50 42 72 72 48 9 15 76 89 68 37 72 0 33 76 39 12 33 69 71 64 36 71 13 48 50 64 89 16 69 46 66 11 
19 38 60 80 6 88 21 74 26 93 26 59 22 65 23 55 86 46 71 22 18 84 22 68 0 63 36 21 10 2 85 81 93 45 13 99 85 34 25 11 27 52 22 1 17 97 57 56 44 80 30 14 17 53 82 69 16 70 91 78 24 76 59 17 73 72 68 58 6 94 22 86 98 96 87 67 94 96 23 38 29 54 52 46 59 86 15 75 56 58 54 32 34 65 2 7 38 22 18 96 
68 40 82 66 36 22 34 82 70 57 20 99 63 24 45 22 62 13 50 70 71 4 3 58 69 5 65 59 27 83 56 96 75 90 14 64 12 48 46 35 58 19 34 73 95 32 96 58 97 46 28 68 2 83 26 23 40 44 83 68 79 91 16 55 81 30 71 46 31 69 81 89 88 67 62 84 99 10 94 96 8 74 17 10 58 95 86 98 39 69 18 19 60 86 26 93 69 97 39 0 
18 72 41 7 40 55 43 39 66 89 88 74 63 5 37 73 0 23 72 92 44 42 63 56 29 41 49 98 38 41 98 56 65 91 15 5 46 10 97 12 99 85 39 63 42 28 88 94 51 60 86 47 3 1 3 84 42 4 82 32 45 32 41 63 23 56 68 21 19 17 34 18 2 25 33 96 53 22 91 56 34 29 3 89 31 58 73 25 14 7 58 12 91 99 75 66 7 43 88 26 
61 74 97 15 99 82 64 52 56 7 60 91 36 15 80 19 25 6 97 39 65 55 51 57 6 26 75 13 22 63 92 35 37 41 2 36 23 66 40 80 73 52 23 62 67 55 33 92 61 30 84 79 85 35 88 43 14 63 57 36 27 1 71 64 42 73 53 17 92 45 97 65 98 72 27 17 28 61 10 89 43 46 20 29 81 8 72 95 72 81 83 51 34 6 67 28 80 20 46 72 
18 95 89 16 68 69 33 96 82 95 37 25 41 10 6 75 18 31 22 42 64 58 93 99 64 13 79 96 33 77 20 3 73 10 71 93 79 57 41 61 52 30 38 46 40 45 73 11 76 47 5 40 5 99 91 70 12 71 66 97 48 87 53 73 49 24 18 80 81 59 41 86 42 31 32 34 76 57 97 4 4 3 97 10 54 88 32 66 11 98 15 60 37 68 85 86 45 4 66 26 
15 59 12 57 91 96 44 19 53 41 24 10 96 21 72 50 61 4 68 73 54 84 33 92 4 70 30 49 74 49 28 90 8 40 99 51 37 95 23 42 37 47 4 85 20 76 36 81 32 4 6 87 40 39 31 97 62 13 46 36 62 26 78 71 67 78 74 56 25 97 50 14 96 55 0 16 31 36 50 16 40 56 3 33 48 86 30 10 99 28 98 62 55 77 85 74 7 11 30 32 
9 80 47 57 35 47 26 19 35 76 35 27 84 90 60 84 76 90 94 27 71 45 41 26 22 78 0 81 90 82 13 51 62 12 8 50 11 34 21 46 62 8 26 99 98 86 83 26 29 30 53 0 75 47 78 49 25 78 30 15 12 95 18 26 60 79 76 71 65 49 70 80 57 96 79 55 82 14 33 63 44 39 63 71 86 41 72 63 71 2 31 83 50 49 62 10 28 90 81 94 
