1; 1277232; 3.757070; 0.339449; 4.096519
2; 1314495; 3.780018; 0.320131; 4.100149
3; 1272570; 3.768279; 0.338145; 4.106424
4; 1153173; 3.827295; 0.310467; 4.137762
5; 1555200; 3.768111; 0.350710; 4.118821
6; 1231468; 3.753699; 0.360983; 4.114682
7; 1027455; 3.752732; 0.339368; 4.092100
8; 1024380; 3.745183; 0.313766; 4.058949
9; 1103340; 3.751047; 0.326307; 4.077354
10; 1453613; 3.758995; 0.308742; 4.067737
11; 1322937; 3.751680; 0.367869; 4.119549
12; 1160992; 3.760191; 0.361827; 4.122018
13; 1076608; 3.747356; 0.364200; 4.111556
14; 1587880; 3.741717; 0.316533; 4.058250
15; 1436508; 3.760508; 0.340944; 4.101452
16; 1498770; 3.751767; 0.309560; 4.061327
17; 1168272; 3.751427; 0.363650; 4.115077
18; 1428700; 3.745753; 0.337614; 4.083367
19; 1397250; 3.741464; 0.312944; 4.054408
20; 1009521; 3.746670; 0.313854; 4.060524
21; 1495560; 3.755432; 0.330344; 4.085776
22; 1497020; 3.747990; 0.323433; 4.071423
23; 1157860; 3.762482; 0.336133; 4.098615
24; 1146366; 3.750536; 0.306184; 4.056720
25; 1478235; 3.749561; 0.366433; 4.115994
26; 1413822; 3.749528; 0.354305; 4.103833
27; 1225884; 3.749457; 0.350394; 4.099851
28; 1317330; 3.752200; 0.336746; 4.088946
29; 1083775; 3.744619; 0.303693; 4.048312
30; 1538856; 3.824148; 0.308511; 4.132659
31; 1503370; 3.756333; 0.370460; 4.126793
32; 1305276; 3.753727; 0.316598; 4.070325
33; 1332450; 3.742981; 0.315432; 4.058413
34; 1332294; 3.743977; 0.329765; 4.073742
35; 997245; 3.776615; 0.304334; 4.080949
36; 1231320; 3.769314; 0.344694; 4.114008
37; 1189116; 3.738716; 0.369724; 4.108440
38; 1028016; 3.762690; 0.361934; 4.124624
39; 1071576; 3.742322; 0.327891; 4.070213
40; 1260840; 3.747046; 0.322271; 4.069317
41; 1223068; 3.754547; 0.330209; 4.084756
42; 990756; 3.750578; 0.308292; 4.058870
43; 1480836; 3.754767; 0.356736; 4.111503
44; 1431924; 3.755366; 0.324638; 4.080004
45; 1257552; 3.786218; 0.303727; 4.089945
46; 1075296; 3.752238; 0.369854; 4.122092
47; 1548939; 3.750251; 0.369588; 4.119839
48; 1442430; 3.782621; 0.309898; 4.092519
49; 1079232; 3.818475; 0.307577; 4.126052
50; 1179350; 3.745360; 0.370056; 4.115416
51; 1557192; 3.751928; 0.306339; 4.058267
52; 1332000; 3.748631; 0.336649; 4.085280
53; 1041352; 3.760715; 0.306170; 4.066885
54; 1103960; 3.743942; 0.369302; 4.113244
55; 1010100; 3.751609; 0.311081; 4.062690
56; 1447680; 3.740755; 0.367725; 4.108480
57; 1268960; 3.756036; 0.351332; 4.107368
58; 1229960; 3.821874; 0.367067; 4.188941
59; 1109376; 3.745656; 0.360102; 4.105758
60; 1010940; 3.761030; 0.334060; 4.095090
61; 1043700; 3.749736; 0.350013; 4.099749
62; 1314138; 3.742883; 0.365630; 4.108513
63; 1080333; 3.754608; 0.361218; 4.115826
64; 1217920; 3.739631; 0.349172; 4.088803
65; 1472768; 3.744118; 0.309513; 4.053631
66; 1404300; 3.776113; 0.312523; 4.088636
67; 1050588; 3.746146; 0.359683; 4.105829
68; 1114440; 3.745511; 0.320890; 4.066401
69; 1262328; 3.768915; 0.311581; 4.080496
70; 1274280; 3.742987; 0.319371; 4.062358
71; 1238760; 3.745509; 0.357202; 4.102711
72; 1034496; 3.751801; 0.330956; 4.082757
73; 1438200; 3.748558; 0.343612; 4.092170
74; 1313532; 3.745879; 0.358728; 4.104607
75; 1345728; 3.830431; 0.308919; 4.139350
76; 1226720; 3.824340; 0.358128; 4.182468
77; 1053400; 3.754532; 0.310203; 4.064735
78; 1200000; 3.749072; 0.348824; 4.097896
79; 1093950; 3.753657; 0.357402; 4.111059
80; 1064664; 3.751247; 0.355140; 4.106387
81; 1177968; 3.753223; 0.316519; 4.069742
82; 1064712; 3.747873; 0.310661; 4.058534
83; 1279800; 3.755447; 0.311538; 4.066985
84; 1266840; 3.754200; 0.311834; 4.066034
85; 1560195; 3.756481; 0.338445; 4.094926
86; 1585756; 3.748832; 0.332831; 4.081663
87; 1564500; 3.755142; 0.308055; 4.063197
88; 1349712; 3.765061; 0.331399; 4.096460
89; 1570520; 3.745896; 0.321894; 4.067790
90; 1396800; 3.744938; 0.370114; 4.115052
91; 1413828; 3.768769; 0.333925; 4.102694
92; 1397120; 3.790797; 0.350093; 4.140890
93; 1005312; 3.750939; 0.369168; 4.120107
94; 1165136; 3.750351; 0.308354; 4.058705
95; 1259520; 3.759217; 0.312465; 4.071682
96; 1214424; 3.762420; 0.318060; 4.080480
97; 1183756; 3.749166; 0.357798; 4.106964
98; 1045656; 3.747895; 0.327806; 4.075701
99; 1141416; 3.756578; 0.323711; 4.080289
100; 1195083; 3.763039; 0.307705; 4.070744
101; 1429902; 3.751979; 0.308918; 4.060897
102; 1486560; 3.760275; 0.342691; 4.102966
103; 1140102; 3.741852; 0.308004; 4.049856
104; 1278376; 3.744432; 0.368235; 4.112667
105; 1205016; 3.770187; 0.353952; 4.124139
106; 1466150; 3.745562; 0.323183; 4.068745
107; 1135728; 3.753997; 0.308556; 4.062553
108; 1254456; 3.744433; 0.361953; 4.106386
109; 1026536; 3.745167; 0.317306; 4.062473
110; 1190250; 3.758760; 0.344438; 4.103198
111; 1340280; 3.746071; 0.322818; 4.068889
112; 1205820; 3.746903; 0.304900; 4.051803
113; 1586850; 3.754940; 0.334793; 4.089733
114; 1234750; 3.746809; 0.341329; 4.088138
115; 1106128; 3.751304; 0.368143; 4.119447
116; 1047755; 3.747224; 0.315802; 4.063026
117; 1261665; 3.743958; 0.357748; 4.101706
118; 1041712; 3.821474; 0.360275; 4.181749
119; 1062936; 3.753704; 0.365443; 4.119147
120; 979272; 3.756932; 0.355404; 4.112336
121; 1500088; 3.749642; 0.358715; 4.108357
122; 1572847; 3.752811; 0.304824; 4.057635
123; 1228770; 3.753614; 0.371553; 4.125167
124; 1474308; 3.750091; 0.328562; 4.078653
125; 1062968; 3.751516; 0.370460; 4.121976
126; 1103058; 3.752220; 0.344769; 4.096989
127; 1107082; 3.760606; 0.331432; 4.092038
128; 1070496; 3.746567; 0.335188; 4.081755
129; 1524116; 3.748274; 0.312628; 4.060902
130; 1152200; 3.738218; 0.346211; 4.084429
131; 1092224; 3.756583; 0.312926; 4.069509
132; 1417884; 3.817208; 0.338870; 4.156078
133; 1487199; 3.770728; 0.347711; 4.118439
134; 1441986; 3.745827; 0.366852; 4.112679
135; 1018440; 3.780264; 0.310558; 4.090822
136; 1013452; 3.766015; 0.308783; 4.074798
137; 1239672; 3.742746; 0.307728; 4.050474
138; 1571120; 3.752274; 0.327120; 4.079394
139; 1004445; 3.743489; 0.312204; 4.055693
140; 1501605; 3.741355; 0.362607; 4.103962
141; 1349064; 3.753735; 0.316522; 4.070257
142; 1302552; 3.760355; 0.368993; 4.129348
143; 998944; 3.759567; 0.310931; 4.070498
144; 1119634; 3.741492; 0.345810; 4.087302
145; 985320; 3.762049; 0.319302; 4.081351
146; 1195236; 3.743303; 0.361259; 4.104562
147; 1441665; 3.754726; 0.329086; 4.083812
148; 1302880; 3.762591; 0.366749; 4.129340
149; 1554490; 3.820858; 0.308338; 4.129196
150; 978039; 3.765483; 0.368348; 4.133831
151; 1019739; 3.749174; 0.308628; 4.057802
152; 1367640; 3.748288; 0.310115; 4.058403
153; 1489986; 3.772541; 0.333708; 4.106249
154; 1370688; 3.749386; 0.319566; 4.068952
155; 1103172; 3.758583; 0.351920; 4.110503
156; 1306980; 3.756316; 0.324632; 4.080948
157; 1416431; 3.741629; 0.355418; 4.097047
158; 1449630; 3.747763; 0.311539; 4.059302
159; 1170450; 3.753492; 0.315183; 4.068675
160; 1311080; 3.763513; 0.329160; 4.092673
161; 1346725; 3.741963; 0.323913; 4.065876
162; 989632; 3.739692; 0.351927; 4.091619
163; 1303500; 3.740353; 0.310607; 4.050960
164; 1332102; 3.748634; 0.345334; 4.093968
165; 1193400; 3.789194; 0.371760; 4.160954
166; 1187875; 3.741044; 0.339107; 4.080151
167; 1424896; 3.768610; 0.309148; 4.077758
168; 1024875; 3.746525; 0.350751; 4.097276
169; 1235790; 3.745948; 0.311519; 4.057467
170; 1581930; 3.772647; 0.333267; 4.105914
171; 1506282; 3.801675; 0.345226; 4.146901
172; 1010100; 3.757675; 0.355633; 4.113308
173; 1495378; 3.757482; 0.335201; 4.092683
174; 1172309; 3.757444; 0.342869; 4.100313
175; 1550448; 3.777465; 0.338164; 4.115629
176; 1517040; 3.752456; 0.324922; 4.077378
177; 1179216; 3.758542; 0.311392; 4.069934
178; 1234640; 3.785805; 0.356584; 4.142389
179; 1338582; 3.776006; 0.340926; 4.116932
180; 1577136; 3.748716; 0.332699; 4.081415
181; 1266559; 3.756628; 0.363421; 4.120049
182; 1135440; 3.812565; 0.329185; 4.141750
183; 1110474; 3.744777; 0.354105; 4.098882
184; 1005312; 3.753395; 0.351089; 4.104484
185; 983730; 3.748522; 0.308053; 4.056575
186; 1200590; 3.759600; 0.340922; 4.100522
187; 1282160; 3.769194; 0.372871; 4.142065
188; 1189188; 3.749084; 0.312349; 4.061433
189; 1114605; 3.830123; 0.358764; 4.188887
190; 1453900; 3.779877; 0.358034; 4.137911
191; 1249600; 3.747600; 0.307259; 4.054859
192; 1110200; 3.758222; 0.347491; 4.105713
193; 1400525; 3.752651; 0.322208; 4.074859
194; 1556544; 3.743126; 0.343893; 4.087019
195; 1469136; 3.763501; 0.331814; 4.095315
196; 1566210; 3.752072; 0.306250; 4.058322
197; 1087864; 3.749470; 0.316538; 4.066008
198; 1339650; 3.760007; 0.371474; 4.131481
199; 1185600; 3.759599; 0.366248; 4.125847
200; 1054620; 3.747413; 0.365663; 4.113076
201; 1125180; 3.743088; 0.340081; 4.083169
202; 1445400; 3.762109; 0.316085; 4.078194
203; 1294725; 3.752679; 0.304206; 4.056885
204; 1212686; 3.741855; 0.320421; 4.062276
205; 1327833; 3.748604; 0.336893; 4.085497
206; 1108368; 3.753195; 0.343909; 4.097104
207; 1105686; 3.776830; 0.363663; 4.140493
208; 1154622; 3.766723; 0.311344; 4.078067
209; 1423548; 3.728496; 0.341425; 4.069921
210; 1017360; 3.753872; 0.362064; 4.115936
211; 1032920; 3.777593; 0.314817; 4.092410
212; 1554960; 3.759326; 0.315212; 4.074538
213; 1101316; 3.758098; 0.305776; 4.063874
214; 1054248; 3.748912; 0.366446; 4.115358
215; 1274560; 3.756505; 0.315839; 4.072344
216; 1468620; 3.785364; 0.329495; 4.114859
217; 1376116; 3.762864; 0.321343; 4.084207
218; 1032767; 3.761664; 0.362394; 4.124058
219; 1436994; 3.741165; 0.350920; 4.092085
220; 1449630; 3.755913; 0.355595; 4.111508
221; 1429680; 3.775415; 0.315425; 4.090840
222; 1060020; 3.744917; 0.352727; 4.097644
223; 1183140; 3.751828; 0.353781; 4.105609
224; 1515750; 3.756278; 0.344490; 4.100768
225; 1538600; 3.751575; 0.350871; 4.102446
226; 1118260; 3.754652; 0.329226; 4.083878
227; 1235744; 3.765687; 0.328341; 4.094028
228; 1126385; 3.767679; 0.313234; 4.080913
229; 1474200; 3.809011; 0.308624; 4.117635
230; 1239408; 3.774991; 0.310144; 4.085135
231; 1006668; 3.762480; 0.353900; 4.116380
232; 1328670; 3.750411; 0.301162; 4.051573
233; 1472922; 3.743628; 0.332824; 4.076452
234; 1195803; 3.744086; 0.310306; 4.054392
235; 1337106; 3.749007; 0.316837; 4.065844
236; 1060122; 3.760486; 0.308886; 4.069372
237; 1100620; 3.755529; 0.321708; 4.077237
238; 1110474; 3.751988; 0.308246; 4.060234
239; 1161600; 3.749980; 0.311743; 4.061723
240; 1473336; 3.750922; 0.344777; 4.095699
241; 1428399; 3.756702; 0.362573; 4.119275
242; 1570800; 3.748739; 0.312368; 4.061107
243; 1301944; 3.772661; 0.310971; 4.083632
244; 1211034; 3.753142; 0.345889; 4.099031
245; 1034290; 3.747614; 0.309115; 4.056729
246; 1265659; 3.746158; 0.322423; 4.068581
247; 1206612; 3.750776; 0.344154; 4.094930
248; 1316055; 3.777474; 0.322655; 4.100129
249; 1242864; 3.743427; 0.338874; 4.082301
250; 1481637; 3.746501; 0.305596; 4.052097
251; 1395576; 3.749761; 0.318848; 4.068609
252; 1046784; 3.752240; 0.325739; 4.077979
253; 1039680; 3.768871; 0.323813; 4.092684
254; 1179486; 3.745567; 0.310207; 4.055774
255; 1302464; 3.748247; 0.338154; 4.086401
256; 1251972; 3.747913; 0.335383; 4.083296
257; 1213520; 3.749971; 0.315786; 4.065757
258; 1363230; 3.741864; 0.334472; 4.076336
259; 1090089; 3.761537; 0.308361; 4.069898
260; 1235304; 3.744163; 0.314251; 4.058414
261; 1023408; 3.768952; 0.332838; 4.101790
262; 1058718; 3.755260; 0.367999; 4.123259
263; 1446700; 3.747421; 0.307002; 4.054423
264; 1305480; 3.741198; 0.358051; 4.099249
265; 1037610; 3.742531; 0.352755; 4.095286
266; 1582050; 3.776637; 0.322564; 4.099201
267; 1496502; 3.749046; 0.367314; 4.116360
268; 1129555; 3.745256; 0.358329; 4.103585
269; 1453696; 3.746090; 0.347566; 4.093656
270; 1050732; 3.785807; 0.331495; 4.117302
271; 1018353; 3.825180; 0.369920; 4.195100
272; 982800; 3.758295; 0.316714; 4.075009
273; 1472556; 3.760761; 0.346430; 4.107191
274; 1308150; 3.819855; 0.361980; 4.181835
275; 1516160; 3.744498; 0.348017; 4.092515
276; 1118345; 3.772941; 0.314519; 4.087460
277; 1248912; 3.770305; 0.305399; 4.075704
278; 1269840; 3.757938; 0.336530; 4.094468
279; 1481221; 3.777911; 0.331469; 4.109380
280; 1225224; 3.750938; 0.368156; 4.119094
281; 1566360; 3.777839; 0.330479; 4.108318
282; 1339106; 3.831993; 0.337453; 4.169446
283; 1513512; 3.762511; 0.318552; 4.081063
284; 1186800; 3.743945; 0.366803; 4.110748
285; 1505725; 3.746790; 0.308984; 4.055774
286; 1074480; 3.754982; 0.348306; 4.103288
287; 1176240; 3.754670; 0.309041; 4.063711
288; 1229880; 3.744284; 0.306876; 4.051160
289; 1179871; 3.747912; 0.368105; 4.116017
290; 1146960; 3.763531; 0.321947; 4.085478
291; 1481025; 3.758853; 0.306800; 4.065653
292; 1356360; 3.811083; 0.308625; 4.119708
293; 1392640; 3.752918; 0.365013; 4.117931
294; 1097712; 3.763449; 0.360034; 4.123483
295; 1462480; 3.756465; 0.368856; 4.125321
296; 1568320; 3.756289; 0.317595; 4.073884
297; 1508800; 3.754125; 0.342217; 4.096342
298; 1161849; 3.744552; 0.314966; 4.059518
299; 1171032; 3.738731; 0.366979; 4.105710
300; 1165920; 3.752572; 0.336132; 4.088704
301; 1467249; 3.754301; 0.368198; 4.122499
302; 1357664; 3.756670; 0.316266; 4.072936
303; 1072764; 3.758338; 0.309365; 4.067703
304; 1250112; 3.741702; 0.330742; 4.072444
305; 1171800; 3.779751; 0.325337; 4.105088
306; 1090752; 3.749208; 0.325021; 4.074229
307; 1036800; 3.776672; 0.367811; 4.144483
308; 1529052; 3.748607; 0.308209; 4.056816
309; 1311057; 3.743085; 0.327970; 4.071055
310; 1556343; 3.749033; 0.349930; 4.098963
311; 1372800; 3.764885; 0.308518; 4.073403
312; 1220778; 3.763264; 0.337872; 4.101136
313; 1574540; 3.747212; 0.338227; 4.085439
314; 1098800; 3.747267; 0.345752; 4.093019
315; 1201392; 3.739414; 0.316171; 4.055585
316; 1052880; 3.744143; 0.316563; 4.060706
317; 1067135; 3.755696; 0.357843; 4.113539
318; 1081416; 3.824972; 0.337575; 4.162547
319; 1509046; 3.746262; 0.332091; 4.078353
320; 1487640; 3.751619; 0.364998; 4.116617
321; 1106700; 3.762972; 0.359662; 4.122634
322; 1065064; 3.748358; 0.305926; 4.054284
323; 1059084; 3.759921; 0.356273; 4.116194
324; 1486033; 3.792830; 0.308935; 4.101765
325; 989520; 3.754036; 0.357923; 4.111959
326; 1264300; 3.743132; 0.311373; 4.054505
327; 1388556; 3.766923; 0.311212; 4.078135
328; 1144128; 3.765297; 0.356482; 4.121779
329; 1324320; 3.762050; 0.315332; 4.077382
330; 1094275; 3.745607; 0.344054; 4.089661
331; 1200640; 3.743276; 0.351213; 4.094489
332; 1294950; 3.748624; 0.319376; 4.068000
333; 1313760; 3.745643; 0.340361; 4.086004
334; 1553188; 3.756992; 0.308880; 4.065872
335; 1533330; 3.750397; 0.369443; 4.119840
336; 1329624; 3.759162; 0.358923; 4.118085
337; 1253952; 3.764150; 0.305389; 4.069539
338; 1259480; 3.741545; 0.327610; 4.069155
339; 1503880; 3.758600; 0.333413; 4.092013
340; 1473868; 3.760856; 0.310549; 4.071405
341; 1564536; 3.742697; 0.306899; 4.049596
342; 1068074; 3.780080; 0.302629; 4.082709
343; 1467284; 3.738959; 0.363450; 4.102409
344; 1575845; 3.750381; 0.362921; 4.113302
345; 1095192; 3.749592; 0.346591; 4.096183
346; 1181840; 3.742306; 0.353392; 4.095698
347; 1237110; 3.747276; 0.330222; 4.077498
348; 1292598; 3.743484; 0.318877; 4.062361
349; 1060884; 3.745539; 0.341267; 4.086806
350; 1574832; 3.778195; 0.306034; 4.084229
351; 1515585; 3.762490; 0.314989; 4.077479
352; 1497852; 3.751032; 0.347887; 4.098919
353; 1295910; 3.763673; 0.312275; 4.075948
354; 1515324; 3.738559; 0.343089; 4.081648
355; 1358280; 3.745262; 0.325720; 4.070982
356; 1492659; 3.753792; 0.367286; 4.121078
357; 1282960; 3.750578; 0.372103; 4.122681
358; 1548288; 3.746769; 0.356188; 4.102957
359; 1108380; 3.748857; 0.355218; 4.104075
360; 1228800; 3.748009; 0.308189; 4.056198
361; 1020084; 3.743203; 0.368076; 4.111279
362; 1567020; 3.747917; 0.362387; 4.110304
363; 1360800; 3.779927; 0.332948; 4.112875
364; 1560000; 3.767727; 0.311563; 4.079290
365; 978896; 3.754666; 0.359560; 4.114226
366; 999075; 3.748509; 0.330017; 4.078526
367; 1074624; 3.757019; 0.317648; 4.074667
368; 1382535; 3.748815; 0.313213; 4.062028
369; 1129128; 3.751260; 0.360018; 4.111278
370; 1361270; 3.757841; 0.309879; 4.067720
371; 994620; 3.757820; 0.334293; 4.092113
372; 1032622; 3.729110; 0.354204; 4.083314
373; 1544400; 3.752238; 0.307375; 4.059613
374; 1255824; 3.749334; 0.332655; 4.081989
375; 1188081; 3.776026; 0.310772; 4.086798
376; 1530431; 3.751167; 0.332639; 4.083806
377; 1128920; 3.785626; 0.329872; 4.115498
378; 1028430; 3.752248; 0.344969; 4.097217
379; 1207800; 3.754875; 0.309331; 4.064206
380; 1185800; 3.751076; 0.334378; 4.085454
381; 1186680; 3.751310; 0.312803; 4.064113
382; 1094256; 3.747311; 0.309269; 4.056580
383; 1106784; 3.749244; 0.320496; 4.069740
384; 1007232; 3.834335; 0.344471; 4.178806
385; 1167408; 3.744747; 0.343600; 4.088347
386; 1384416; 3.821049; 0.343778; 4.164827
387; 1587040; 3.745163; 0.328724; 4.073887
388; 1428350; 3.807709; 0.344026; 4.151735
389; 1240620; 3.773560; 0.370971; 4.144531
390; 1203708; 3.740752; 0.359815; 4.100567
391; 1493555; 3.744054; 0.371695; 4.115749
392; 996930; 3.752578; 0.342344; 4.094922
393; 1004480; 3.756563; 0.327089; 4.083652
394; 1145529; 3.752084; 0.365362; 4.117446
395; 1192074; 3.754074; 0.309969; 4.064043
396; 1413856; 3.829287; 0.312601; 4.141888
397; 1412775; 3.745383; 0.362573; 4.107956
398; 1310400; 3.772794; 0.330263; 4.103057
399; 1288035; 3.738038; 0.316338; 4.054376
400; 988890; 3.740440; 0.363185; 4.103625
401; 1587000; 3.745859; 0.340102; 4.085961
402; 1055070; 3.743003; 0.334676; 4.077679
403; 1290861; 3.744221; 0.309866; 4.054087
404; 1033328; 3.745864; 0.343186; 4.089050
405; 987390; 3.766407; 0.310184; 4.076591
406; 1359360; 3.751045; 0.340413; 4.091458
407; 1573684; 3.753475; 0.351120; 4.104595
408; 1030000; 3.779115; 0.337962; 4.117077
409; 1204308; 3.789056; 0.320836; 4.109892
410; 1102556; 3.749671; 0.340896; 4.090567
411; 1437975; 3.752455; 0.310657; 4.063112
412; 1071408; 3.815635; 0.340662; 4.156297
413; 1326962; 3.743888; 0.324483; 4.068371
414; 1400154; 3.773282; 0.330230; 4.103512
415; 1490580; 3.764940; 0.352100; 4.117040
416; 1408280; 3.763595; 0.305060; 4.068655
417; 1352400; 3.749445; 0.325654; 4.075099
418; 1412520; 3.751989; 0.305458; 4.057447
419; 1119594; 3.761372; 0.370304; 4.131676
420; 1087800; 3.746230; 0.310406; 4.056636
421; 1120320; 3.752735; 0.337366; 4.090101
422; 1118994; 3.752208; 0.338093; 4.090301
423; 1205225; 3.775834; 0.318996; 4.094830
424; 1490976; 3.821399; 0.317113; 4.138512
425; 1075161; 3.773395; 0.308217; 4.081612
426; 1489440; 3.746622; 0.350584; 4.097206
427; 1321240; 3.746001; 0.368233; 4.114234
428; 1458801; 3.756061; 0.314432; 4.070493
429; 1533600; 3.740229; 0.357249; 4.097478
430; 1161225; 3.816441; 0.334030; 4.150471
431; 1107738; 3.778927; 0.335626; 4.114553
432; 1387477; 3.743762; 0.309981; 4.053743
433; 995253; 3.745700; 0.366426; 4.112126
434; 1282624; 3.749702; 0.327730; 4.077432
435; 1443442; 3.755242; 0.321342; 4.076584
436; 1545600; 3.750490; 0.305298; 4.055788
437; 1514700; 3.743466; 0.370771; 4.114237
438; 1160330; 3.761653; 0.325805; 4.087458
439; 1351680; 3.761169; 0.303347; 4.064516
440; 1261872; 3.765269; 0.307672; 4.072941
441; 991845; 3.777556; 0.308153; 4.085709
442; 1296900; 3.760035; 0.328003; 4.088038
443; 1279950; 3.752035; 0.368939; 4.120974
444; 1363232; 3.763119; 0.321170; 4.084289
445; 1220190; 3.740834; 0.370551; 4.111385
446; 1266840; 3.755202; 0.303279; 4.058481
447; 1044450; 3.745413; 0.337887; 4.083300
448; 1062720; 3.767045; 0.355268; 4.122313
449; 1166607; 3.757612; 0.304454; 4.062066
450; 1079040; 3.742422; 0.325910; 4.068332
451; 1014410; 3.758130; 0.304522; 4.062652
452; 1500165; 3.743364; 0.306555; 4.049919
453; 1184820; 3.752566; 0.319712; 4.072278
454; 1083880; 3.773180; 0.370483; 4.143663
455; 1396550; 3.754356; 0.364090; 4.118446
456; 1136772; 3.765733; 0.305069; 4.070802
457; 1522926; 3.825573; 0.330627; 4.156200
458; 998738; 3.800302; 0.326530; 4.126832
459; 1266350; 3.760517; 0.336492; 4.097009
460; 1371384; 3.770206; 0.316947; 4.087153
461; 1409045; 3.759292; 0.347770; 4.107062
462; 1043328; 3.745137; 0.329897; 4.075034
463; 1042944; 3.738295; 0.341973; 4.080268
464; 1337730; 3.814755; 0.345958; 4.160713
465; 1258500; 3.743845; 0.335661; 4.079506
466; 1394640; 3.741920; 0.308812; 4.050732
467; 1026000; 3.805178; 0.336897; 4.142075
468; 1561340; 3.736055; 0.323450; 4.059505
469; 1023840; 3.743271; 0.369594; 4.112865
470; 1116280; 3.747617; 0.356069; 4.103686
471; 1285920; 3.745708; 0.305035; 4.050743
472; 1416168; 3.743706; 0.307183; 4.050889
473; 1570254; 3.780845; 0.342853; 4.123698
474; 1091328; 3.747521; 0.327187; 4.074708
475; 1444140; 3.786753; 0.309981; 4.096734
476; 1356362; 3.752816; 0.346733; 4.099549
477; 1434240; 3.745557; 0.356706; 4.102263
478; 1307115; 3.776853; 0.325004; 4.101857
479; 1398768; 3.782740; 0.347814; 4.130554
480; 1104660; 3.745939; 0.304332; 4.050271
481; 1344222; 3.739970; 0.345351; 4.085321
482; 1356600; 3.759444; 0.349112; 4.108556
483; 1588650; 3.751907; 0.299866; 4.051773
484; 1485200; 3.741488; 0.308026; 4.049514
485; 1566754; 3.775920; 0.355430; 4.131350
486; 1567804; 3.773457; 0.321674; 4.095131
487; 1362200; 3.748412; 0.314159; 4.062571
488; 1157580; 3.750683; 0.355258; 4.105941
489; 1479904; 3.812014; 0.335756; 4.147770
490; 1314261; 3.745812; 0.309271; 4.055083
491; 1445106; 3.768407; 0.305628; 4.074035
492; 1075452; 3.826107; 0.319757; 4.145864
493; 1170000; 3.749941; 0.346728; 4.096669
494; 1187790; 3.778957; 0.310605; 4.089562
495; 1191870; 3.792126; 0.358841; 4.150967
496; 1191640; 3.768149; 0.321074; 4.089223
497; 1284360; 3.806451; 0.361890; 4.168341
498; 1377880; 3.813923; 0.333856; 4.147779
499; 1395936; 3.742932; 0.369113; 4.112045
500; 1135350; 3.774752; 0.307407; 4.082159
501; 1588032; 3.751856; 0.366870; 4.118726
502; 1554480; 3.776303; 0.317067; 4.093370
503; 1009838; 3.746134; 0.309509; 4.055643
504; 1289820; 3.743113; 0.358573; 4.101686
505; 1318248; 3.764583; 0.309721; 4.074304
506; 1399320; 3.745145; 0.368148; 4.113293
507; 1374624; 3.758308; 0.307690; 4.065998
508; 1249820; 3.740957; 0.336531; 4.077488
509; 1041352; 3.745190; 0.367750; 4.112940
510; 1342920; 3.762783; 0.305750; 4.068533
511; 1153152; 3.761977; 0.328038; 4.090015
512; 1246560; 3.745404; 0.340460; 4.085864
513; 1359456; 3.770973; 0.323979; 4.094952
514; 1029820; 3.741282; 0.312077; 4.053359
515; 1319400; 3.766652; 0.352908; 4.119560
516; 1464708; 3.825222; 0.311170; 4.136392
517; 1423008; 3.746263; 0.305869; 4.052132
518; 1381250; 3.752701; 0.336321; 4.089022
519; 1116288; 3.770081; 0.330223; 4.100304
520; 1484630; 3.767104; 0.338467; 4.105571
521; 1501851; 3.757238; 0.330872; 4.088110
522; 1379840; 3.759084; 0.373073; 4.132157
523; 1132380; 3.747320; 0.330179; 4.077499
524; 1031832; 3.761764; 0.357917; 4.119681
525; 1317624; 3.747575; 0.361580; 4.109155
526; 1405980; 3.778311; 0.345129; 4.123440
527; 1116544; 3.769977; 0.312291; 4.082268
528; 1236560; 3.743848; 0.369575; 4.113423
529; 1220052; 3.748339; 0.362408; 4.110747
530; 1356810; 3.760272; 0.305860; 4.066132
531; 1464408; 3.750562; 0.356928; 4.107490
532; 1324345; 3.747717; 0.318560; 4.066277
533; 1524280; 3.746812; 0.307527; 4.054339
534; 1332225; 3.752608; 0.356527; 4.109135
535; 1135680; 3.764832; 0.371201; 4.136033
536; 1121250; 3.769247; 0.354135; 4.123382
537; 1028700; 3.752220; 0.308255; 4.060475
538; 1211040; 3.763910; 0.351290; 4.115200
539; 1058736; 3.759961; 0.307279; 4.067240
540; 1532440; 3.756187; 0.352871; 4.109058
541; 1384500; 3.746569; 0.309380; 4.055949
542; 1113552; 3.757232; 0.306480; 4.063712
543; 1333536; 3.752724; 0.357844; 4.110568
544; 1443648; 3.751107; 0.298953; 4.050060
545; 1474410; 3.745291; 0.343318; 4.088609
546; 1545558; 3.831100; 0.347144; 4.178244
547; 1217430; 3.753580; 0.328760; 4.082340
548; 1347192; 3.777797; 0.364578; 4.142375
549; 1213758; 3.746658; 0.312643; 4.059301
550; 1589728; 3.745529; 0.305182; 4.050711
551; 1044000; 3.758963; 0.315703; 4.074666
552; 1341756; 3.751853; 0.311128; 4.062981
553; 1292000; 3.770421; 0.311353; 4.081774
554; 1190882; 3.742814; 0.348155; 4.090969
555; 1001604; 3.772461; 0.352602; 4.125063
556; 1045320; 3.742091; 0.312946; 4.055037
557; 1416690; 3.814566; 0.308072; 4.122638
558; 1462500; 3.749056; 0.342018; 4.091074
559; 1332508; 3.743226; 0.308614; 4.051840
560; 1518664; 3.787540; 0.334982; 4.122522
561; 1072812; 3.787875; 0.301643; 4.089518
562; 1559136; 3.767828; 0.305751; 4.073579
563; 1490148; 3.766300; 0.315109; 4.081409
564; 1007655; 3.797933; 0.319806; 4.117739
565; 1401972; 3.741533; 0.358119; 4.099652
566; 1001376; 3.783599; 0.333170; 4.116769
567; 1576368; 3.746281; 0.334504; 4.080785
568; 1310508; 3.761489; 0.338944; 4.100433
569; 1092000; 3.705759; 0.330932; 4.036691
570; 1209600; 3.741482; 0.332099; 4.073581
571; 1444480; 3.751616; 0.316861; 4.068477
572; 1522430; 3.833224; 0.310478; 4.143702
573; 1379700; 3.756320; 0.327287; 4.083607
574; 1544400; 3.763177; 0.310313; 4.073490
575; 1355760; 3.745648; 0.306284; 4.051932
576; 1224810; 3.747242; 0.326364; 4.073606
577; 1217700; 3.745252; 0.368421; 4.113673
578; 1121918; 3.762464; 0.370713; 4.133177
579; 1008504; 3.745856; 0.366947; 4.112803
580; 1007622; 3.748851; 0.315464; 4.064315
581; 995304; 3.740481; 0.363967; 4.104448
582; 1026960; 3.755705; 0.305145; 4.060850
583; 1144836; 3.850377; 0.302074; 4.152451
584; 1037184; 3.743560; 0.355282; 4.098842
585; 1363740; 3.753711; 0.345134; 4.098845
586; 1534216; 3.756677; 0.313878; 4.070555
587; 1469412; 3.780468; 0.310614; 4.091082
588; 1242540; 3.762634; 0.364778; 4.127412
589; 1425600; 3.773332; 0.366467; 4.139799
590; 1393290; 3.748955; 0.310259; 4.059214
591; 998016; 3.779284; 0.371288; 4.150572
592; 1477640; 3.750044; 0.358792; 4.108836
593; 1352180; 3.758509; 0.354601; 4.113110
594; 1131420; 3.764994; 0.357983; 4.122977
595; 1506456; 3.751077; 0.335464; 4.086541
596; 1364454; 3.765725; 0.305336; 4.071061
597; 1097824; 3.747477; 0.363823; 4.111300
598; 1248892; 3.778656; 0.319793; 4.098449
599; 1500135; 3.748743; 0.330028; 4.078771
600; 1379240; 3.747361; 0.345767; 4.093128
601; 1296372; 3.750407; 0.313492; 4.063899
602; 1370880; 3.746122; 0.359472; 4.105594
603; 1585539; 3.747913; 0.306998; 4.054911
604; 1169454; 3.746280; 0.353078; 4.099358
605; 1128725; 3.745337; 0.313608; 4.058945
606; 1490400; 3.771282; 0.318614; 4.089896
607; 1322956; 3.750203; 0.309420; 4.059623
608; 980088; 3.765453; 0.353625; 4.119078
609; 1283325; 3.774965; 0.317284; 4.092249
610; 1176480; 3.740515; 0.336140; 4.076655
611; 1213107; 3.773428; 0.349495; 4.122923
612; 1431080; 3.745788; 0.324592; 4.070380
613; 1352538; 3.741423; 0.361210; 4.102633
614; 1408320; 3.749751; 0.353135; 4.102886
615; 1403500; 3.761593; 0.317855; 4.079448
616; 1406160; 3.745452; 0.333411; 4.078863
617; 1168860; 3.770453; 0.309789; 4.080242
618; 1568000; 3.749100; 0.324798; 4.073898
619; 1051624; 3.759535; 0.321898; 4.081433
620; 1345491; 3.742390; 0.334606; 4.076996
621; 1516482; 3.759846; 0.303490; 4.063336
622; 1354125; 3.748136; 0.368691; 4.116827
623; 1123590; 3.760483; 0.304705; 4.065188
624; 1009112; 3.744393; 0.355990; 4.100383
625; 1217622; 3.757663; 0.364352; 4.122015
626; 1534225; 3.747838; 0.312526; 4.060364
627; 1041896; 3.748835; 0.315712; 4.064547
628; 1050720; 3.774207; 0.329045; 4.103252
629; 1251936; 3.747087; 0.329327; 4.076414
630; 1386660; 3.741977; 0.320541; 4.062518
631; 982328; 3.729360; 0.329331; 4.058691
632; 1327480; 3.760925; 0.306287; 4.067212
633; 1042200; 3.782892; 0.343742; 4.126634
634; 1381104; 3.739743; 0.307637; 4.047380
635; 1028106; 3.754930; 0.351602; 4.106532
636; 1305000; 3.741305; 0.356671; 4.097976
637; 1078792; 3.781616; 0.312808; 4.094424
638; 1027110; 3.769867; 0.370136; 4.140003
639; 1468740; 3.771516; 0.310571; 4.082087
640; 1526575; 3.829893; 0.312089; 4.141982
641; 1356960; 3.762406; 0.356696; 4.119102
642; 1111500; 3.741910; 0.371709; 4.113619
643; 1388358; 3.742825; 0.356469; 4.099294
644; 1532160; 3.746062; 0.369853; 4.115915
645; 1198224; 3.744471; 0.353495; 4.097966
646; 1053360; 3.746114; 0.372614; 4.118728
647; 1144640; 3.840385; 0.325705; 4.166090
648; 1002582; 3.751498; 0.303696; 4.055194
649; 1087800; 3.753814; 0.337994; 4.091808
650; 1397480; 3.766571; 0.306419; 4.072990
651; 1560504; 3.751744; 0.335453; 4.087197
652; 1557192; 3.744960; 0.329764; 4.074724
653; 1240896; 3.763616; 0.337175; 4.100791
654; 1467312; 3.776402; 0.310362; 4.086764
655; 1277640; 3.752466; 0.342838; 4.095304
656; 1161216; 3.744520; 0.332204; 4.076724
657; 1026008; 3.777910; 0.343484; 4.121394
658; 1304270; 3.760757; 0.322206; 4.082963
659; 1166550; 3.748021; 0.310254; 4.058275
660; 1479744; 3.760686; 0.313031; 4.073717
661; 1236465; 3.756423; 0.307100; 4.063523
662; 1305610; 3.749655; 0.306191; 4.055846
663; 1575147; 3.805983; 0.308247; 4.114230
664; 1270220; 3.772227; 0.322694; 4.094921
665; 1187784; 3.753658; 0.353024; 4.106682
666; 1087408; 3.744016; 0.309931; 4.053947
667; 1433208; 3.813466; 0.317963; 4.131429
668; 1197456; 3.746953; 0.308792; 4.055745
669; 1002975; 3.746374; 0.314416; 4.060790
670; 1374402; 3.753735; 0.345962; 4.099697
671; 1551420; 3.749602; 0.360044; 4.109646
672; 1505673; 3.767430; 0.359660; 4.127090
673; 1344610; 3.770986; 0.338113; 4.109099
674; 1036800; 3.742132; 0.312245; 4.054377
675; 1499900; 3.755703; 0.314831; 4.070534
676; 1519392; 3.743350; 0.347556; 4.090906
677; 1171584; 3.840298; 0.332495; 4.172793
678; 1386000; 3.740994; 0.366550; 4.107544
679; 1158750; 3.746589; 0.304762; 4.051351
680; 1181400; 3.749694; 0.305986; 4.055680
681; 1328958; 3.748131; 0.327480; 4.075611
682; 980100; 3.758411; 0.344925; 4.103336
683; 1463490; 3.761717; 0.334013; 4.095730
684; 1382848; 3.742122; 0.330626; 4.072748
685; 1406160; 3.819486; 0.310009; 4.129495
686; 1227720; 3.816619; 0.366621; 4.183240
687; 1034838; 3.736431; 0.311245; 4.047676
688; 1445472; 3.751616; 0.310452; 4.062068
689; 1178744; 3.760192; 0.365478; 4.125670
690; 1581462; 3.743094; 0.328237; 4.071331
691; 1145375; 3.747507; 0.316176; 4.063683
692; 980760; 3.747999; 0.350649; 4.098648
693; 1391940; 3.747409; 0.338737; 4.086146
694; 1518552; 3.761346; 0.355460; 4.116806
695; 1016064; 3.747315; 0.354221; 4.101536
696; 1325520; 3.751527; 0.309359; 4.060886
697; 1458000; 3.764851; 0.312402; 4.077253
698; 990944; 3.747538; 0.341656; 4.089194
699; 1570959; 3.779658; 0.358486; 4.138144
700; 1391040; 3.745570; 0.334548; 4.080118
701; 1219218; 3.746436; 0.366317; 4.112753
702; 1203930; 3.748033; 0.367796; 4.115829
703; 1575288; 3.749635; 0.306874; 4.056509
704; 1523992; 3.737990; 0.368802; 4.106792
705; 1453248; 3.761260; 0.330001; 4.091261
706; 1224392; 3.745370; 0.352292; 4.097662
707; 1144520; 3.754847; 0.337158; 4.092005
708; 1358280; 3.741083; 0.325577; 4.066660
709; 1579608; 3.743390; 0.321250; 4.064640
710; 1048230; 3.756629; 0.343898; 4.100527
711; 1039584; 3.743613; 0.364638; 4.108251
712; 1317888; 3.747296; 0.364244; 4.111540
713; 1416786; 3.755191; 0.357633; 4.112824
714; 1531488; 3.760506; 0.318042; 4.078548
715; 1258488; 3.772946; 0.305864; 4.078810
716; 1035452; 3.746217; 0.337578; 4.083795
717; 1369225; 3.750554; 0.310264; 4.060818
718; 1167274; 3.746056; 0.362430; 4.108486
719; 1246600; 3.744123; 0.307753; 4.051876
720; 1529020; 3.741379; 0.308131; 4.049510
721; 1044450; 3.744437; 0.359887; 4.104324
722; 1519698; 3.745469; 0.310942; 4.056411
723; 1025976; 3.823811; 0.365506; 4.189317
724; 996030; 3.768228; 0.314261; 4.082489
725; 1440000; 3.747828; 0.320453; 4.068281
726; 1264563; 3.769652; 0.363564; 4.133216
727; 1212096; 3.744830; 0.305832; 4.050662
728; 995976; 3.767531; 0.365779; 4.133310
729; 1109934; 3.761113; 0.362381; 4.123494
730; 1554784; 3.763170; 0.341401; 4.104571
731; 1049972; 3.753852; 0.304568; 4.058420
732; 1512720; 3.747440; 0.347350; 4.094790
733; 1127568; 3.819956; 0.325646; 4.145602
734; 1301856; 3.786417; 0.349797; 4.136214
735; 1189020; 3.745757; 0.311969; 4.057726
736; 1202568; 3.743358; 0.330896; 4.074254
737; 1519296; 3.753299; 0.329910; 4.083209
738; 1302336; 3.752172; 0.308608; 4.060780
739; 1511536; 3.750251; 0.320759; 4.071010
740; 1330836; 3.751784; 0.321474; 4.073258
741; 1096470; 3.764969; 0.335138; 4.100107
742; 1000160; 3.754675; 0.312710; 4.067385
743; 1060800; 3.745529; 0.353074; 4.098603
744; 1463224; 3.760785; 0.334632; 4.095417
745; 1045940; 3.758649; 0.312581; 4.071230
746; 1427580; 3.746401; 0.312153; 4.058554
747; 1515503; 3.742913; 0.333935; 4.076848
748; 1027000; 3.740626; 0.312060; 4.052686
749; 1454250; 3.779181; 0.300068; 4.079249
750; 1254456; 3.756426; 0.328788; 4.085214
751; 1496880; 3.751453; 0.369115; 4.120568
752; 1329664; 3.770858; 0.347759; 4.118617
753; 1051200; 3.783864; 0.350816; 4.134680
754; 1403115; 3.751584; 0.311950; 4.063534
755; 1283607; 3.761237; 0.298722; 4.059959
756; 1514240; 3.768506; 0.306822; 4.075328
757; 1014300; 3.741097; 0.305522; 4.046619
758; 1412788; 3.825853; 0.311214; 4.137067
759; 1300095; 3.746119; 0.367745; 4.113864
760; 1298880; 3.759786; 0.308666; 4.068452
761; 1276740; 3.747829; 0.310692; 4.058521
762; 1575389; 3.740505; 0.358574; 4.099079
763; 1495872; 3.752855; 0.340023; 4.092878
764; 1214450; 3.751391; 0.356641; 4.108032
765; 1322178; 3.776206; 0.362415; 4.138621
766; 1111320; 3.751726; 0.325643; 4.077369
767; 1025636; 3.821424; 0.361887; 4.183311
768; 1357986; 3.754539; 0.340107; 4.094646
769; 992124; 3.749818; 0.365112; 4.114930
770; 1332450; 3.749080; 0.365534; 4.114614
771; 1407805; 3.773902; 0.317286; 4.091188
772; 1222368; 3.747193; 0.368050; 4.115243
773; 1323000; 3.744569; 0.351404; 4.095973
774; 1474012; 3.762104; 0.355799; 4.117903
775; 1098251; 3.774626; 0.309300; 4.083926
776; 1259856; 3.756555; 0.308825; 4.065380
777; 1337427; 3.750542; 0.343220; 4.093762
778; 1246422; 3.751496; 0.309601; 4.061097
779; 1567566; 3.756049; 0.367568; 4.123617
780; 1137500; 3.752750; 0.348447; 4.101197
781; 1175040; 3.742482; 0.352138; 4.094620
782; 1014300; 3.743989; 0.373215; 4.117204
783; 1234800; 3.754930; 0.342915; 4.097845
784; 1244320; 3.751376; 0.357829; 4.109205
785; 1580460; 3.770909; 0.333310; 4.104219
786; 1072544; 3.747623; 0.365508; 4.113131
787; 1544004; 3.743784; 0.364835; 4.108619
788; 1579368; 3.806165; 0.335547; 4.141712
789; 1067220; 3.750845; 0.312701; 4.063546
790; 1438110; 3.740158; 0.344581; 4.084739
791; 1269016; 3.753071; 0.337896; 4.090967
792; 1588400; 3.741515; 0.313845; 4.055360
793; 1040104; 3.739719; 0.361951; 4.101670
794; 1272240; 3.762424; 0.340090; 4.102514
795; 1538570; 3.764771; 0.329617; 4.094388
796; 1058304; 3.746044; 0.339730; 4.085774
797; 1037300; 3.826470; 0.349619; 4.176089
798; 1580852; 3.757021; 0.331377; 4.088398
799; 1173312; 3.754671; 0.348432; 4.103103
800; 1306800; 3.738571; 0.315388; 4.053959
801; 1123812; 3.811373; 0.323576; 4.134949
802; 1261980; 3.754361; 0.310361; 4.064722
803; 1050764; 3.746250; 0.368924; 4.115174
804; 1075200; 3.746674; 0.333579; 4.080253
805; 1007400; 3.753876; 0.316660; 4.070536
806; 1416012; 3.748419; 0.314674; 4.063093
807; 1432728; 3.740957; 0.364025; 4.104982
808; 1334800; 3.743400; 0.370390; 4.113790
809; 1410752; 3.768646; 0.358208; 4.126854
810; 983664; 3.752520; 0.351281; 4.103801
811; 1188000; 3.774623; 0.368776; 4.143399
812; 1433124; 3.739856; 0.360216; 4.100072
813; 1107435; 3.751226; 0.353606; 4.104832
814; 1313070; 3.753138; 0.312919; 4.066057
815; 1492920; 3.857060; 0.347298; 4.204358
816; 1093068; 3.750260; 0.352453; 4.102713
817; 1517958; 3.742766; 0.326610; 4.069376
818; 1346432; 3.772324; 0.339808; 4.112132
819; 1333800; 3.751520; 0.363971; 4.115491
820; 1162044; 3.748047; 0.325260; 4.073307
821; 1005340; 3.771301; 0.328340; 4.099641
822; 1336608; 3.745486; 0.361784; 4.107270
823; 1134084; 3.749686; 0.335077; 4.084763
824; 1358308; 3.744455; 0.350458; 4.094913
825; 1161888; 3.748327; 0.341275; 4.089602
826; 996968; 3.813708; 0.309283; 4.122991
827; 1173900; 3.752586; 0.320440; 4.073026
828; 1111120; 3.770300; 0.311704; 4.082004
829; 989880; 3.750702; 0.311008; 4.061710
830; 985088; 3.749630; 0.311060; 4.060690
831; 1419000; 3.744573; 0.354058; 4.098631
832; 1206660; 3.751168; 0.311438; 4.062606
833; 1210605; 3.741547; 0.313935; 4.055482
834; 984900; 3.741904; 0.322945; 4.064849
835; 1008600; 3.789282; 0.309234; 4.098516
836; 1289654; 3.772586; 0.350413; 4.122999
837; 1308080; 3.743831; 0.307536; 4.051367
838; 1100736; 3.756068; 0.308872; 4.064940
839; 1579264; 3.764951; 0.317724; 4.082675
840; 1194264; 3.745716; 0.365015; 4.110731
841; 1519290; 3.760129; 0.353288; 4.113417
842; 1529244; 3.770391; 0.336263; 4.106654
843; 1354240; 3.741120; 0.364859; 4.105979
844; 1050504; 3.753628; 0.313156; 4.066784
845; 1409344; 3.743020; 0.335652; 4.078672
846; 1513485; 3.748096; 0.371732; 4.119828
847; 1034209; 3.742473; 0.369836; 4.112309
848; 1417030; 3.741040; 0.306171; 4.047211
849; 1148980; 3.769309; 0.366167; 4.135476
850; 1025430; 3.752239; 0.336882; 4.089121
851; 1281434; 3.751517; 0.338803; 4.090320
852; 1160640; 3.743886; 0.344063; 4.087949
853; 1068136; 3.809902; 0.360007; 4.169909
854; 1580670; 3.749295; 0.358486; 4.107781
855; 1275834; 3.757864; 0.344473; 4.102337
856; 1432773; 3.752709; 0.333168; 4.085877
857; 1542420; 3.773786; 0.309114; 4.082900
858; 1549575; 3.747092; 0.359278; 4.106370
859; 1489600; 3.753895; 0.372618; 4.126513
860; 1439382; 3.746961; 0.357253; 4.104214
861; 982468; 3.755015; 0.330937; 4.085952
862; 1089960; 3.765017; 0.308612; 4.073629
863; 992319; 3.757152; 0.306821; 4.063973
864; 1487528; 3.738619; 0.360886; 4.099505
865; 1222200; 3.763682; 0.302613; 4.066295
866; 1401972; 3.811024; 0.361044; 4.172068
867; 1445850; 3.753196; 0.356321; 4.109517
868; 1352520; 3.775919; 0.345886; 4.121805
869; 1423290; 3.745780; 0.310534; 4.056314
870; 1507488; 3.742852; 0.308316; 4.051168
871; 1588730; 3.751730; 0.309472; 4.061202
872; 1182112; 3.750271; 0.303597; 4.053868
873; 1124350; 3.770352; 0.312781; 4.083133
874; 1361664; 3.753287; 0.361615; 4.114902
875; 1050445; 3.747508; 0.303205; 4.050713
876; 1210950; 3.774627; 0.338308; 4.112935
877; 1162518; 3.752960; 0.307505; 4.060465
878; 1197200; 3.826979; 0.335722; 4.162701
879; 1002996; 3.817045; 0.342246; 4.159291
880; 1213970; 3.748623; 0.327118; 4.075741
881; 1359288; 3.762139; 0.322612; 4.084751
882; 1056090; 3.751164; 0.347983; 4.099147
883; 1078800; 3.754502; 0.314597; 4.069099
884; 1142600; 3.748779; 0.312008; 4.060787
885; 1480248; 3.751639; 0.365426; 4.117065
886; 1107108; 3.746848; 0.309426; 4.056274
887; 1188904; 3.743071; 0.330232; 4.073303
888; 1118022; 3.759107; 0.311821; 4.070928
889; 1422126; 3.746956; 0.347358; 4.094314
890; 1227000; 3.752143; 0.371211; 4.123354
891; 1159380; 3.751830; 0.350577; 4.102407
892; 1149009; 3.780413; 0.313701; 4.094114
893; 1253264; 3.756488; 0.309689; 4.066177
894; 1309869; 3.753563; 0.309475; 4.063038
895; 1191186; 3.809092; 0.363634; 4.172726
896; 1356124; 3.761515; 0.369637; 4.131152
897; 1017926; 3.776789; 0.326688; 4.103477
898; 1245453; 3.753686; 0.349166; 4.102852
899; 1174800; 3.758619; 0.307340; 4.065959
900; 1084860; 3.776826; 0.322088; 4.098914
901; 1406112; 3.746483; 0.362586; 4.109069
902; 1110270; 3.762988; 0.308346; 4.071334
903; 1156680; 3.747853; 0.348926; 4.096779
904; 1318600; 3.745097; 0.312495; 4.057592
905; 1275876; 3.767689; 0.321212; 4.088901
906; 1020425; 3.746234; 0.356422; 4.102656
907; 1180674; 3.741008; 0.342334; 4.083342
908; 1496664; 3.748782; 0.315923; 4.064705
909; 1517802; 3.812575; 0.359025; 4.171600
910; 1185375; 3.750946; 0.334525; 4.085471
911; 1381050; 3.752031; 0.368194; 4.120225
912; 1508010; 3.763982; 0.364403; 4.128385
913; 1248072; 3.746267; 0.361977; 4.108244
914; 1345248; 3.760417; 0.307676; 4.068093
915; 1398618; 3.750320; 0.336275; 4.086595
916; 1583010; 3.748028; 0.354381; 4.102409
917; 1103600; 3.744056; 0.309282; 4.053338
918; 1103600; 3.746239; 0.311171; 4.057410
919; 1408968; 3.758410; 0.324294; 4.082704
920; 1375140; 3.752777; 0.339164; 4.091941
921; 1393080; 3.748803; 0.346427; 4.095230
922; 1537116; 3.745740; 0.319088; 4.064828
923; 1587712; 3.754073; 0.322833; 4.076906
924; 1027824; 3.849245; 0.311186; 4.160431
925; 1514752; 3.748295; 0.330366; 4.078661
926; 992250; 3.757948; 0.307235; 4.065183
927; 1157376; 3.753994; 0.309809; 4.063803
928; 1459920; 3.743136; 0.332467; 4.075603
929; 1559584; 3.779765; 0.308175; 4.087940
930; 1169532; 3.767671; 0.306756; 4.074427
931; 1139280; 3.751672; 0.316854; 4.068526
932; 1488744; 3.769936; 0.307031; 4.076967
933; 1149984; 3.738586; 0.312328; 4.050914
934; 1290516; 3.741884; 0.310859; 4.052743
935; 1100886; 3.752838; 0.342220; 4.095058
936; 1428336; 3.741576; 0.337784; 4.079360
937; 1217700; 3.758361; 0.333272; 4.091633
938; 1366596; 3.741148; 0.309014; 4.050162
939; 1178100; 3.749639; 0.348581; 4.098220
940; 1044890; 3.749987; 0.355207; 4.105194
941; 1242360; 3.740850; 0.340742; 4.081592
942; 1061736; 3.784576; 0.360904; 4.145480
943; 1139040; 3.741755; 0.336955; 4.078710
944; 1060479; 3.766407; 0.315597; 4.082004
945; 1491520; 3.746011; 0.313292; 4.059303
946; 1037750; 3.762328; 0.310747; 4.073075
947; 1099872; 3.743989; 0.367785; 4.111774
948; 1445192; 3.742632; 0.324318; 4.066950
949; 1217931; 3.767216; 0.368704; 4.135920
950; 1106304; 3.746607; 0.309617; 4.056224
951; 1518715; 3.762366; 0.366537; 4.128903
952; 1254336; 3.755626; 0.363176; 4.118802
953; 1366560; 3.746325; 0.309840; 4.056165
954; 1515150; 3.747051; 0.346150; 4.093201
955; 1366848; 3.743135; 0.321880; 4.065015
956; 1156272; 3.775605; 0.356099; 4.131704
957; 1043200; 3.748257; 0.320725; 4.068982
958; 1073856; 3.745373; 0.355358; 4.100731
959; 997500; 3.741170; 0.312297; 4.053467
960; 1097904; 3.749730; 0.326566; 4.076296
961; 1037632; 3.746382; 0.322527; 4.068909
962; 1144278; 3.740990; 0.351947; 4.092937
963; 1282490; 3.749142; 0.329537; 4.078679
964; 1223775; 3.777040; 0.324237; 4.101277
965; 1040760; 3.744430; 0.324914; 4.069344
966; 1326702; 3.755265; 0.356146; 4.111411
967; 1009584; 3.748497; 0.351121; 4.099618
968; 1484934; 3.757823; 0.370474; 4.128297
969; 1518804; 3.774185; 0.304018; 4.078203
970; 1255968; 3.751417; 0.346328; 4.097745
971; 1152177; 3.753230; 0.347643; 4.100873
972; 1306260; 3.745488; 0.326547; 4.072035
973; 1424696; 3.768816; 0.320862; 4.089678
974; 1279575; 3.754830; 0.358460; 4.113290
975; 1199688; 3.753543; 0.336591; 4.090134
976; 1220160; 3.760636; 0.323875; 4.084511
977; 1515225; 3.764647; 0.335545; 4.100192
978; 1497420; 3.757345; 0.346417; 4.103762
979; 1585080; 3.782311; 0.328778; 4.111089
980; 1307232; 3.753384; 0.341844; 4.095228
981; 1440504; 3.744889; 0.343409; 4.088298
982; 1301508; 3.749749; 0.333156; 4.082905
983; 1357050; 3.754795; 0.325134; 4.079929
984; 1071453; 3.813575; 0.321349; 4.134924
985; 1224834; 3.746566; 0.308627; 4.055193
986; 1008700; 3.760493; 0.339212; 4.099705
987; 1162000; 3.756840; 0.308478; 4.065318
988; 1535625; 3.742325; 0.331399; 4.073724
989; 1510824; 3.762562; 0.322202; 4.084764
990; 1450764; 3.775918; 0.348909; 4.124827
991; 1463148; 3.748134; 0.323642; 4.071776
992; 1221200; 3.790350; 0.308877; 4.099227
993; 1103130; 3.753061; 0.352043; 4.105104
994; 1318680; 3.749118; 0.313839; 4.062957
995; 1201200; 3.754776; 0.313523; 4.068299
996; 1570176; 3.745322; 0.364871; 4.110193
997; 1523808; 3.744690; 0.325821; 4.070511
998; 1118766; 3.822150; 0.367990; 4.190140
999; 1283970; 3.757310; 0.302708; 4.060018
1000; 1147560; 3.790097; 0.342967; 4.133064
