1; 1532388; 3.753371; 0.307260; 4.060631
2; 1465960; 3.752138; 0.346774; 4.098912
3; 1272466; 3.742059; 0.351364; 4.093423
4; 433755; 3.733155; 0.344176; 4.077331
5; 1734525; 3.793265; 0.331856; 4.125121
6; 1916460; 3.780309; 0.320334; 4.100643
7; 967365; 3.812644; 0.323698; 4.136342
8; 785232; 3.773433; 0.298148; 4.071581
9; 462672; 3.781936; 0.366931; 4.148867
10; 1767048; 3.765761; 0.332290; 4.098051
11; 878592; 3.758068; 0.360172; 4.118240
12; 1885572; 3.746465; 0.324009; 4.070474
13; 48204; 3.751860; 0.360888; 4.112748
14; 1126818; 3.763051; 0.347416; 4.110467
15; 194340; 3.761724; 0.351632; 4.113356
16; 487296; 3.760816; 0.344473; 4.105289
17; 1685992; 3.740299; 0.313979; 4.054278
18; 583830; 3.745955; 0.317919; 4.063874
19; 1182360; 3.758186; 0.307438; 4.065624
20; 847080; 3.783331; 0.337395; 4.120726
21; 1176222; 3.784303; 0.337410; 4.121713
22; 1879530; 3.744542; 0.332272; 4.076814
23; 1423968; 3.747211; 0.327116; 4.074327
24; 840400; 3.751463; 0.319842; 4.071305
25; 1946985; 3.742273; 0.305394; 4.047667
26; 353648; 3.750718; 0.317799; 4.068517
27; 1425228; 3.805270; 0.324481; 4.129751
28; 750320; 3.752133; 0.356819; 4.108952
29; 1309952; 3.770949; 0.343587; 4.114536
30; 248400; 3.756984; 0.338922; 4.095906
31; 255024; 3.745597; 0.360435; 4.106032
32; 178616; 3.755048; 0.305739; 4.060787
33; 1149720; 3.746968; 0.356912; 4.103880
34; 226800; 3.752042; 0.364506; 4.116548
35; 469110; 3.799041; 0.351913; 4.150954
36; 410865; 3.750052; 0.314998; 4.065050
37; 1558570; 3.753495; 0.357847; 4.111342
38; 262875; 3.747592; 0.309483; 4.057075
39; 826072; 3.799461; 0.307372; 4.106833
40; 353700; 3.777376; 0.330921; 4.108297
41; 1811250; 3.742735; 0.367002; 4.109737
42; 976125; 3.746319; 0.337661; 4.083980
43; 976000; 3.814655; 0.364362; 4.179017
44; 1094904; 3.774057; 0.370049; 4.144106
45; 1966272; 3.754139; 0.355967; 4.110106
46; 6360; 3.748932; 0.351955; 4.100887
47; 534600; 3.739984; 0.335976; 4.075960
48; 769785; 3.742744; 0.316461; 4.059205
49; 1890264; 3.765712; 0.310583; 4.076295
50; 581040; 3.745585; 0.351972; 4.097557
51; 499500; 3.743503; 0.318261; 4.061764
52; 1134672; 3.741753; 0.309705; 4.051458
53; 1269900; 3.761532; 0.346106; 4.107638
54; 1712700; 3.759628; 0.321020; 4.080648
55; 119544; 3.750740; 0.323012; 4.073752
56; 1523340; 3.801427; 0.328342; 4.129769
57; 94656; 3.744580; 0.339854; 4.084434
58; 334110; 3.755953; 0.348376; 4.104329
59; 1287900; 3.740810; 0.312663; 4.053473
60; 1894832; 3.772505; 0.345702; 4.118207
61; 1639200; 3.810484; 0.303694; 4.114178
62; 462462; 3.739642; 0.354519; 4.094161
63; 586800; 3.752102; 0.323458; 4.075560
64; 550344; 3.733281; 0.322339; 4.055620
65; 957729; 3.821271; 0.307781; 4.129052
66; 1008000; 3.743474; 0.335815; 4.079289
67; 238032; 3.755854; 0.311836; 4.067690
68; 836000; 3.740272; 0.320867; 4.061139
69; 1368160; 3.744355; 0.344821; 4.089176
70; 1500540; 3.756880; 0.305755; 4.062635
71; 148480; 3.776782; 0.308503; 4.085285
72; 299376; 3.741481; 0.326314; 4.067795
73; 1048458; 3.752065; 0.322278; 4.074343
74; 869440; 3.755252; 0.311764; 4.067016
75; 615040; 3.843632; 0.344684; 4.188316
76; 975360; 3.747764; 0.327658; 4.075422
77; 152799; 3.749037; 0.350756; 4.099793
78; 713952; 3.771035; 0.311302; 4.082337
79; 210560; 3.746530; 0.317173; 4.063703
80; 673104; 3.767270; 0.352815; 4.120085
81; 830412; 3.771841; 0.325103; 4.096944
82; 500192; 3.749711; 0.317909; 4.067620
83; 750816; 3.754278; 0.343074; 4.097352
84; 1686524; 3.737667; 0.349704; 4.087371
85; 371904; 3.746763; 0.303984; 4.050747
86; 979625; 3.726893; 0.303807; 4.030700
87; 1271452; 3.749184; 0.334468; 4.083652
88; 820729; 3.815350; 0.340335; 4.155685
89; 286032; 3.737588; 0.334115; 4.071703
90; 1284642; 3.746859; 0.361525; 4.108384
91; 468468; 3.800256; 0.325817; 4.126073
92; 1756448; 3.744322; 0.309878; 4.054200
93; 216972; 3.767683; 0.340419; 4.108102
94; 1609920; 3.748145; 0.332470; 4.080615
95; 1819440; 3.743720; 0.325611; 4.069331
96; 631856; 3.776786; 0.335991; 4.112777
97; 387660; 3.743712; 0.339345; 4.083057
98; 1990380; 3.757627; 0.352606; 4.110233
99; 1760420; 3.858637; 0.324846; 4.183483
100; 1044904; 3.756890; 0.310183; 4.067073
101; 410640; 3.745376; 0.325241; 4.070617
102; 1820070; 3.745410; 0.310286; 4.055696
103; 957528; 3.750807; 0.344120; 4.094927
104; 1974876; 3.748609; 0.321487; 4.070096
105; 1315598; 3.815341; 0.336556; 4.151897
106; 1141536; 3.746989; 0.306000; 4.052989
107; 142444; 3.745714; 0.339994; 4.085708
108; 1111120; 3.769800; 0.362283; 4.132083
109; 1128230; 3.812189; 0.337764; 4.149953
110; 1707750; 3.745495; 0.329465; 4.074960
111; 408240; 3.760364; 0.323619; 4.083983
112; 1698879; 3.757317; 0.339530; 4.096847
113; 1675440; 3.764925; 0.308729; 4.073654
114; 1502496; 3.758196; 0.323276; 4.081472
115; 354294; 3.749902; 0.352902; 4.102804
116; 1881684; 3.813012; 0.316130; 4.129142
117; 895895; 3.752635; 0.370402; 4.123037
118; 257400; 3.761186; 0.314494; 4.075680
119; 656565; 3.760892; 0.305065; 4.065957
120; 807312; 3.746174; 0.310116; 4.056290
121; 1746360; 3.781798; 0.321155; 4.102953
122; 1718528; 3.751000; 0.305563; 4.056563
123; 1155168; 3.748271; 0.314298; 4.062569
124; 274360; 3.743919; 0.325216; 4.069135
125; 9840; 3.832905; 0.337205; 4.170110
126; 500520; 3.739959; 0.321848; 4.061807
127; 223560; 3.800980; 0.307040; 4.108020
128; 1926986; 3.737928; 0.368230; 4.106158
129; 1045330; 3.744685; 0.335377; 4.080062
130; 361216; 3.744302; 0.307983; 4.052285
131; 1775800; 3.743506; 0.311553; 4.055059
132; 59860; 3.747031; 0.309122; 4.056153
133; 1787160; 3.744737; 0.357792; 4.102529
134; 945880; 3.808563; 0.328878; 4.137441
135; 1026432; 3.739199; 0.308142; 4.047341
136; 1877904; 3.745669; 0.329182; 4.074851
137; 460416; 3.775941; 0.358735; 4.134676
138; 549976; 3.754062; 0.335299; 4.089361
139; 569800; 3.746412; 0.328334; 4.074746
140; 674984; 3.745702; 0.312671; 4.058373
141; 482304; 3.754754; 0.301107; 4.055861
142; 1749748; 3.743067; 0.329738; 4.072805
143; 12512; 3.750615; 0.332498; 4.083113
144; 820225; 3.743149; 0.320075; 4.063224
145; 150510; 3.766572; 0.347787; 4.114359
146; 1486496; 3.828937; 0.322508; 4.151445
147; 1426912; 3.748521; 0.352024; 4.100545
148; 355212; 3.763601; 0.337505; 4.101106
149; 1040688; 3.757028; 0.364592; 4.121620
150; 1886400; 3.748529; 0.342013; 4.090542
151; 379246; 3.751349; 0.335735; 4.087084
152; 117092; 3.752598; 0.330594; 4.083192
153; 554664; 3.763200; 0.338630; 4.101830
154; 253575; 3.779577; 0.327912; 4.107489
155; 439280; 3.760834; 0.320147; 4.080981
156; 104328; 3.745727; 0.343237; 4.088964
157; 1212490; 3.818898; 0.344097; 4.162995
158; 1770912; 3.750737; 0.321380; 4.072117
159; 1886050; 3.747137; 0.347224; 4.094361
160; 1231599; 3.816831; 0.312874; 4.129705
161; 177606; 3.774317; 0.320868; 4.095185
162; 559680; 3.774170; 0.337706; 4.111876
163; 88320; 3.756518; 0.333511; 4.090029
164; 464640; 3.739732; 0.358130; 4.097862
165; 438780; 3.741649; 0.312039; 4.053688
166; 569160; 3.749926; 0.313747; 4.063673
167; 491400; 3.748808; 0.370408; 4.119216
168; 447720; 3.739915; 0.347466; 4.087381
169; 909580; 3.759207; 0.312274; 4.071481
170; 1611376; 3.752543; 0.315662; 4.068205
171; 1583154; 3.768934; 0.361110; 4.130044
172; 1338250; 3.760147; 0.312300; 4.072447
173; 1413396; 3.747860; 0.305395; 4.053255
174; 1515492; 3.742812; 0.343230; 4.086042
175; 848484; 3.752978; 0.364089; 4.117067
176; 482856; 3.748887; 0.355307; 4.104194
177; 846597; 3.749656; 0.362035; 4.111691
178; 692160; 3.843996; 0.310216; 4.154212
179; 1685091; 3.754370; 0.308861; 4.063231
180; 1926847; 3.770963; 0.329637; 4.100600
181; 188832; 3.773203; 0.341187; 4.114390
182; 691752; 3.743222; 0.320886; 4.064108
183; 1904400; 3.754985; 0.360404; 4.115389
184; 1283520; 3.745981; 0.326844; 4.072825
185; 114696; 3.753555; 0.320044; 4.073599
186; 246840; 3.746915; 0.310601; 4.057516
187; 18096; 3.747156; 0.352931; 4.100087
188; 1374912; 3.742381; 0.367663; 4.110044
189; 14634; 3.758603; 0.325662; 4.084265
190; 1617408; 3.740804; 0.361773; 4.102577
191; 1577088; 3.751367; 0.360815; 4.112182
192; 253232; 3.780439; 0.309849; 4.090288
193; 152520; 3.744315; 0.356461; 4.100776
194; 95060; 3.748874; 0.307598; 4.056472
195; 1159940; 3.746570; 0.345365; 4.091935
196; 1076750; 3.814059; 0.326082; 4.140141
197; 629272; 3.774571; 0.336835; 4.111406
198; 240318; 3.760760; 0.355373; 4.116133
199; 1744596; 3.741517; 0.327414; 4.068931
200; 258996; 3.747136; 0.323377; 4.070513
201; 1075800; 3.750640; 0.307631; 4.058271
202; 191055; 3.745871; 0.354318; 4.100189
203; 824180; 3.770401; 0.367128; 4.137529
204; 628560; 3.771476; 0.314095; 4.085571
205; 904800; 3.755468; 0.329917; 4.085385
206; 269040; 3.741245; 0.336712; 4.077957
207; 736173; 3.751011; 0.326051; 4.077062
208; 1884534; 3.746893; 0.351341; 4.098234
209; 937020; 3.754918; 0.323111; 4.078029
210; 1252097; 3.744888; 0.329819; 4.074707
211; 624969; 3.740436; 0.333836; 4.074272
212; 298080; 3.738685; 0.343131; 4.081816
213; 331170; 3.771131; 0.310100; 4.081231
214; 461244; 3.746991; 0.366175; 4.113166
215; 259722; 3.745124; 0.307604; 4.052728
216; 253368; 3.822091; 0.332138; 4.154229
217; 507520; 3.753016; 0.327519; 4.080535
218; 927808; 3.772675; 0.327320; 4.099995
219; 645408; 3.745784; 0.356970; 4.102754
220; 1676948; 3.759096; 0.350642; 4.109738
221; 1743896; 3.774866; 0.312893; 4.087759
222; 218080; 3.760558; 0.364914; 4.125472
223; 800153; 3.748363; 0.369570; 4.117933
224; 460528; 3.765954; 0.309431; 4.075385
225; 1014750; 3.750140; 0.368184; 4.118324
226; 367521; 3.729404; 0.364113; 4.093517
227; 1491780; 3.748806; 0.365883; 4.114689
228; 1623474; 3.750665; 0.307844; 4.058509
229; 372810; 3.824651; 0.364651; 4.189302
230; 948480; 3.749605; 0.314756; 4.064361
231; 285360; 3.751026; 0.366278; 4.117304
232; 526290; 3.762230; 0.307270; 4.069500
233; 307584; 3.766425; 0.313493; 4.079918
234; 1288452; 3.750537; 0.305962; 4.056499
235; 1434480; 3.750041; 0.326801; 4.076842
236; 1741440; 3.743909; 0.313902; 4.057811
237; 215560; 3.748381; 0.344255; 4.092636
238; 669375; 3.741911; 0.314850; 4.056761
239; 595056; 3.740299; 0.339173; 4.079472
240; 1145400; 3.740742; 0.334055; 4.074797
241; 1408809; 3.737844; 0.367441; 4.105285
242; 1840320; 3.771413; 0.306101; 4.077514
243; 1178243; 3.747148; 0.366816; 4.113964
244; 1865196; 3.756299; 0.365279; 4.121578
245; 950600; 3.743706; 0.360227; 4.103933
246; 1599147; 3.744476; 0.310261; 4.054737
247; 621742; 3.763317; 0.357311; 4.120628
248; 1045548; 3.749528; 0.307336; 4.056864
249; 1487640; 3.763299; 0.337225; 4.100524
250; 1064910; 3.798606; 0.305292; 4.103898
251; 893920; 3.768911; 0.333787; 4.102698
252; 1868832; 3.757693; 0.325181; 4.082874
253; 439299; 3.766469; 0.324805; 4.091274
254; 709800; 3.777584; 0.357033; 4.134617
255; 182528; 3.768804; 0.345641; 4.114445
256; 995880; 3.741873; 0.313388; 4.055261
257; 1026189; 3.744276; 0.342283; 4.086559
258; 652320; 3.750771; 0.311681; 4.062452
259; 1132800; 3.749822; 0.344183; 4.094005
260; 119510; 3.743731; 0.367057; 4.110788
261; 104544; 3.759715; 0.339904; 4.099619
262; 1354158; 3.746310; 0.322971; 4.069281
263; 1584466; 3.822714; 0.311668; 4.134382
264; 412560; 3.745891; 0.309495; 4.055386
265; 966896; 3.754236; 0.308354; 4.062590
266; 451568; 3.830390; 0.309646; 4.140036
267; 1967490; 3.761854; 0.306714; 4.068568
268; 1329216; 3.743792; 0.364256; 4.108048
269; 1192464; 3.747646; 0.354206; 4.101852
270; 229140; 3.772634; 0.304758; 4.077392
271; 487424; 3.740682; 0.327465; 4.068147
272; 439488; 3.738420; 0.312031; 4.050451
273; 1303134; 3.753458; 0.368106; 4.121564
274; 292992; 3.722634; 0.307836; 4.030470
275; 892164; 3.772870; 0.308744; 4.081614
276; 1909440; 3.745455; 0.307060; 4.052515
277; 304300; 3.762528; 0.305229; 4.067757
278; 1756314; 3.745935; 0.346197; 4.092132
279; 1956906; 3.744953; 0.314107; 4.059060
280; 287928; 3.747619; 0.347853; 4.095472
281; 183345; 3.750636; 0.308027; 4.058663
282; 482304; 3.756201; 0.332610; 4.088811
283; 693160; 3.746754; 0.315300; 4.062054
284; 120960; 3.750757; 0.351119; 4.101876
285; 528816; 3.759760; 0.332933; 4.092693
286; 155344; 3.743370; 0.344931; 4.088301
287; 1456676; 3.760885; 0.354789; 4.115674
288; 67452; 3.760036; 0.337262; 4.097298
289; 1375296; 3.745395; 0.331588; 4.076983
290; 432448; 3.764587; 0.334668; 4.099255
291; 864464; 3.781641; 0.341211; 4.122852
292; 1837440; 3.764361; 0.329475; 4.093836
293; 1351242; 3.757843; 0.309679; 4.067522
294; 902379; 3.771700; 0.326099; 4.097799
295; 707595; 3.759616; 0.343407; 4.103023
296; 1078506; 3.759891; 0.315456; 4.075347
297; 427180; 3.739466; 0.313818; 4.053284
298; 354564; 3.755552; 0.334502; 4.090054
299; 1444300; 3.763170; 0.296672; 4.059842
300; 1988700; 3.749306; 0.342276; 4.091582
301; 1743830; 3.762669; 0.315424; 4.078093
302; 1874394; 3.753400; 0.309320; 4.062720
303; 1597557; 3.740069; 0.320633; 4.060702
304; 552200; 3.745251; 0.306826; 4.052077
305; 590226; 3.740181; 0.315379; 4.055560
306; 649728; 3.753122; 0.363857; 4.116979
307; 1223316; 3.786205; 0.328514; 4.114719
308; 582972; 3.750189; 0.332456; 4.082645
309; 86184; 3.758795; 0.317863; 4.076658
310; 1581153; 3.743411; 0.311430; 4.054841
311; 186320; 3.764361; 0.355947; 4.120308
312; 1375164; 3.748469; 0.323219; 4.071688
313; 1287264; 3.750308; 0.370080; 4.120388
314; 1943220; 3.778592; 0.304305; 4.082897
315; 1860012; 3.767503; 0.334191; 4.101694
316; 228000; 3.763259; 0.323035; 4.086294
317; 1427004; 3.743712; 0.331599; 4.075311
318; 322806; 3.742034; 0.308868; 4.050902
319; 293625; 3.762278; 0.297996; 4.060274
320; 970380; 3.741863; 0.345527; 4.087390
321; 1985158; 3.751875; 0.304947; 4.056822
322; 144540; 3.752759; 0.305474; 4.058233
323; 1176525; 3.759363; 0.303894; 4.063257
324; 474300; 3.747311; 0.327209; 4.074520
325; 1730400; 3.782872; 0.309665; 4.092537
326; 308016; 3.744160; 0.308841; 4.053001
327; 1616440; 3.755016; 0.347648; 4.102664
328; 1178100; 3.745570; 0.310299; 4.055869
329; 509234; 3.749175; 0.345849; 4.095024
330; 324415; 3.748249; 0.320160; 4.068409
331; 126490; 3.759890; 0.312656; 4.072546
332; 436128; 3.749072; 0.325689; 4.074761
333; 1457946; 3.820985; 0.348984; 4.169969
334; 744560; 3.789099; 0.354541; 4.143640
335; 1047816; 3.759763; 0.319274; 4.079037
336; 25665; 3.753310; 0.331180; 4.084490
337; 1947708; 3.739848; 0.351928; 4.091776
338; 390000; 3.755259; 0.351654; 4.106913
339; 164160; 3.743922; 0.329276; 4.073198
340; 29344; 3.739878; 0.346934; 4.086812
341; 1919232; 3.787824; 0.309505; 4.097329
342; 138240; 3.770157; 0.325656; 4.095813
343; 57190; 3.746690; 0.370230; 4.116920
344; 718352; 3.842435; 0.326167; 4.168602
345; 967266; 3.746662; 0.304614; 4.051276
346; 685691; 3.749506; 0.354799; 4.104305
347; 606060; 3.752225; 0.369899; 4.122124
348; 858368; 3.750698; 0.355872; 4.106570
349; 592800; 3.751430; 0.329374; 4.080804
350; 615330; 3.750228; 0.311775; 4.062003
351; 1752780; 3.747146; 0.317447; 4.064593
352; 380880; 3.742176; 0.332073; 4.074249
353; 1601264; 3.748025; 0.330698; 4.078723
354; 79560; 3.760842; 0.311104; 4.071946
355; 612864; 3.768246; 0.308080; 4.076326
356; 103512; 3.751530; 0.343426; 4.094956
357; 816350; 3.745075; 0.332143; 4.077218
358; 451440; 3.740560; 0.335159; 4.075719
359; 121856; 3.753535; 0.360001; 4.113536
360; 1782870; 3.742100; 0.371440; 4.113540
361; 1970475; 3.742396; 0.336754; 4.079150
362; 957264; 3.766245; 0.366864; 4.133109
363; 1699040; 3.791490; 0.341244; 4.132734
364; 1190268; 3.759481; 0.342205; 4.101686
365; 426120; 3.776799; 0.337245; 4.114044
366; 1883728; 3.746897; 0.328725; 4.075622
367; 440112; 3.741968; 0.347316; 4.089284
368; 1594176; 3.755679; 0.356891; 4.112570
369; 281880; 3.749557; 0.315959; 4.065516
370; 591508; 3.764301; 0.324764; 4.089065
371; 781660; 3.772517; 0.304845; 4.077362
372; 375516; 3.741849; 0.316775; 4.058624
373; 1699677; 3.759846; 0.309081; 4.068927
374; 557928; 3.763994; 0.348018; 4.112012
375; 447272; 3.858999; 0.310452; 4.169451
376; 1224936; 3.741223; 0.308819; 4.050042
377; 198144; 3.743205; 0.326184; 4.069389
378; 374100; 3.749758; 0.318983; 4.068741
379; 1757140; 3.765581; 0.337908; 4.103489
380; 417720; 3.841118; 0.348546; 4.189664
381; 1155225; 3.779240; 0.309218; 4.088458
382; 48972; 3.774378; 0.343105; 4.117483
383; 1142400; 3.764089; 0.302717; 4.066806
384; 98496; 3.750824; 0.345829; 4.096653
385; 1792000; 3.756692; 0.333248; 4.089940
386; 198720; 3.746655; 0.308204; 4.054859
387; 418656; 3.747819; 0.352169; 4.099988
388; 79002; 3.778328; 0.322790; 4.101118
389; 1158753; 3.758350; 0.366083; 4.124433
390; 487630; 3.762570; 0.350752; 4.113322
391; 1054920; 3.807117; 0.311215; 4.118332
392; 1057672; 3.760118; 0.340578; 4.100696
393; 184800; 3.753234; 0.345606; 4.098840
394; 1346004; 3.743176; 0.333112; 4.076288
395; 360180; 3.765851; 0.309760; 4.075611
396; 171108; 3.765720; 0.330085; 4.095805
397; 1599360; 3.747325; 0.348942; 4.096267
398; 912456; 3.752300; 0.311691; 4.063991
399; 335000; 3.750812; 0.338523; 4.089335
400; 204820; 3.745550; 0.310638; 4.056188
401; 1688960; 3.762044; 0.367818; 4.129862
402; 1000416; 3.784937; 0.326969; 4.111906
403; 94380; 3.752617; 0.331953; 4.084570
404; 228096; 3.746018; 0.352909; 4.098927
405; 1671408; 3.755863; 0.361338; 4.117201
406; 1321488; 3.747022; 0.319288; 4.066310
407; 39957; 3.754132; 0.365751; 4.119883
408; 916104; 3.741157; 0.325023; 4.066180
409; 196224; 3.752085; 0.304397; 4.056482
410; 626976; 3.768129; 0.369877; 4.138006
411; 394680; 3.788450; 0.318822; 4.107272
412; 250560; 3.769609; 0.366279; 4.135888
413; 747251; 3.749892; 0.304093; 4.053985
414; 766360; 3.748214; 0.308595; 4.056809
415; 544644; 3.774161; 0.310792; 4.084953
416; 1370391; 3.746381; 0.354650; 4.101031
417; 660342; 3.746086; 0.305006; 4.051092
418; 752080; 3.756865; 0.334201; 4.091066
419; 1394250; 3.760954; 0.362195; 4.123149
420; 202176; 3.748867; 0.324148; 4.073015
421; 1366800; 3.747802; 0.309412; 4.057214
422; 1309000; 3.750104; 0.340264; 4.090368
423; 895326; 3.740621; 0.371159; 4.111780
424; 1698930; 3.759173; 0.346221; 4.105394
425; 1679322; 3.763617; 0.304116; 4.067733
426; 1106496; 3.748277; 0.323798; 4.072075
427; 581256; 3.745385; 0.311630; 4.057015
428; 387090; 3.743906; 0.345691; 4.089597
429; 99400; 3.831449; 0.361317; 4.192766
430; 889056; 3.743016; 0.363668; 4.106684
431; 511029; 3.758441; 0.359481; 4.117922
432; 441504; 3.753757; 0.363660; 4.117417
433; 1557790; 3.750153; 0.365881; 4.116034
434; 993300; 3.753479; 0.342273; 4.095752
435; 401310; 3.758478; 0.335223; 4.093701
436; 1757238; 3.745461; 0.361732; 4.107193
437; 1572150; 3.753370; 0.307936; 4.061306
438; 1988712; 3.762706; 0.364889; 4.127595
439; 1190540; 3.740808; 0.370105; 4.110913
440; 1572096; 3.756433; 0.338598; 4.095031
441; 926976; 3.752586; 0.362853; 4.115439
442; 1448550; 3.874131; 0.329083; 4.203214
443; 970560; 3.817524; 0.310991; 4.128515
444; 1040688; 3.754033; 0.313680; 4.067713
445; 1633812; 3.753828; 0.334426; 4.088254
446; 1402704; 3.831703; 0.308775; 4.140478
447; 1772288; 3.746927; 0.319647; 4.066574
448; 864108; 3.742826; 0.326398; 4.069224
449; 1425627; 3.815991; 0.307358; 4.123349
450; 486720; 3.747404; 0.334876; 4.082280
451; 132680; 3.763580; 0.303550; 4.067130
452; 785088; 3.771658; 0.329424; 4.101082
453; 507960; 3.760534; 0.315915; 4.076449
454; 501255; 3.762505; 0.320898; 4.083403
455; 684342; 3.742542; 0.355749; 4.098291
456; 186180; 3.758568; 0.312645; 4.071213
457; 1981928; 3.741572; 0.312348; 4.053920
458; 29568; 3.740472; 0.317623; 4.058095
459; 1547748; 3.749825; 0.313468; 4.063293
460; 1064305; 3.750923; 0.312768; 4.063691
461; 1797120; 3.744266; 0.318352; 4.062618
462; 918540; 3.772781; 0.332001; 4.104782
463; 954990; 3.767136; 0.363042; 4.130178
464; 549666; 3.760056; 0.311147; 4.071203
465; 783216; 3.758551; 0.321064; 4.079615
466; 532680; 3.752439; 0.315578; 4.068017
467; 1543872; 3.783872; 0.348849; 4.132721
468; 761616; 3.821558; 0.344442; 4.166000
469; 916980; 3.752271; 0.356496; 4.108767
470; 1750518; 3.772771; 0.339087; 4.111858
471; 360528; 3.776317; 0.309463; 4.085780
472; 1939392; 3.771568; 0.309048; 4.080616
473; 717444; 3.744205; 0.354515; 4.098720
474; 381258; 3.759766; 0.319018; 4.078784
475; 331824; 3.789000; 0.331551; 4.120551
476; 913123; 3.848622; 0.304758; 4.153380
477; 546340; 3.775086; 0.328605; 4.103691
478; 658692; 3.746133; 0.358121; 4.104254
479; 491260; 3.746821; 0.354292; 4.101113
480; 1473472; 3.751986; 0.309823; 4.061809
481; 1682704; 3.745942; 0.346017; 4.091959
482; 370475; 3.747157; 0.312910; 4.060067
483; 231424; 3.756191; 0.319814; 4.076005
484; 1242976; 3.747388; 0.323406; 4.070794
485; 895776; 3.749618; 0.365425; 4.115043
486; 1791000; 3.842778; 0.340165; 4.182943
487; 1523520; 3.742474; 0.335051; 4.077525
488; 773376; 3.767569; 0.331606; 4.099175
489; 253170; 3.746816; 0.359967; 4.106783
490; 1957000; 3.740887; 0.328073; 4.068960
491; 1524144; 3.785512; 0.344881; 4.130393
492; 515816; 3.768032; 0.306556; 4.074588
493; 424440; 3.795048; 0.319069; 4.114117
494; 317880; 3.842267; 0.335408; 4.177675
495; 403456; 3.749930; 0.329498; 4.079428
496; 501270; 3.751647; 0.344449; 4.096096
497; 1610784; 3.763351; 0.365751; 4.129102
498; 57477; 3.750709; 0.324713; 4.075422
499; 211200; 3.763766; 0.308773; 4.072539
500; 838080; 3.844166; 0.335002; 4.179168
501; 484596; 3.747286; 0.311117; 4.058403
502; 509652; 3.753557; 0.326073; 4.079630
503; 1359552; 3.771101; 0.343092; 4.114193
504; 1148116; 3.740422; 0.369571; 4.109993
505; 1085440; 3.745160; 0.337631; 4.082791
506; 364560; 3.746262; 0.317163; 4.063425
507; 936192; 3.760715; 0.327457; 4.088172
508; 1119342; 3.746257; 0.355151; 4.101408
509; 1056992; 3.752184; 0.369526; 4.121710
510; 463320; 3.757703; 0.325607; 4.083310
511; 1569000; 3.816596; 0.305995; 4.122591
512; 621920; 3.754496; 0.312054; 4.066550
513; 168150; 3.755578; 0.334722; 4.090300
514; 1179900; 3.753108; 0.305514; 4.058622
515; 343710; 3.758215; 0.368555; 4.126770
516; 1624536; 3.743109; 0.320305; 4.063414
517; 129280; 3.766558; 0.330772; 4.097330
518; 1795200; 3.762314; 0.342390; 4.104704
519; 397110; 3.745948; 0.329981; 4.075929
520; 6708; 3.742941; 0.367702; 4.110643
521; 964206; 3.741248; 0.332617; 4.073865
522; 655398; 3.748128; 0.334603; 4.082731
523; 827764; 3.777270; 0.343839; 4.121109
524; 1701700; 3.763086; 0.333860; 4.096946
525; 868224; 3.763017; 0.314735; 4.077752
526; 508928; 3.754877; 0.350722; 4.105599
527; 1998537; 3.753395; 0.336626; 4.090021
528; 264516; 3.742386; 0.340126; 4.082512
529; 1705536; 3.745570; 0.364998; 4.110568
530; 435176; 3.819122; 0.363016; 4.182138
531; 453870; 3.773942; 0.330246; 4.104188
532; 1190688; 3.766390; 0.327612; 4.094002
533; 1974888; 3.750672; 0.366102; 4.116774
534; 192780; 3.749298; 0.328080; 4.077378
535; 1173480; 3.781329; 0.361337; 4.142666
536; 510176; 3.738840; 0.351989; 4.090829
537; 422240; 3.757499; 0.327674; 4.085173
538; 1538130; 3.773374; 0.348892; 4.122266
539; 1707696; 3.774484; 0.306801; 4.081285
540; 382168; 3.752133; 0.341078; 4.093211
541; 1473840; 3.826174; 0.312865; 4.139039
542; 199920; 3.749866; 0.306653; 4.056519
543; 699516; 3.766353; 0.306602; 4.072955
544; 1462554; 3.823800; 0.310951; 4.134751
545; 556470; 3.759014; 0.351397; 4.110411
546; 1424736; 3.764453; 0.336558; 4.101011
547; 537030; 3.758516; 0.320714; 4.079230
548; 361284; 3.741409; 0.345534; 4.086943
549; 381210; 3.723079; 0.363097; 4.086176
550; 385206; 3.745730; 0.344967; 4.090697
551; 988927; 3.823523; 0.335057; 4.158580
552; 649500; 3.836857; 0.307094; 4.143951
553; 162180; 3.745597; 0.311286; 4.056883
554; 853776; 3.748427; 0.334748; 4.083175
555; 1547520; 3.767330; 0.309660; 4.076990
556; 1430244; 3.767180; 0.310559; 4.077739
557; 1717380; 3.757180; 0.305657; 4.062837
558; 1718640; 3.744614; 0.311551; 4.056165
559; 599250; 3.757360; 0.323477; 4.080837
560; 1468548; 3.821023; 0.310212; 4.131235
561; 100422; 3.742717; 0.312346; 4.055063
562; 260712; 3.770727; 0.364425; 4.135152
563; 1107975; 3.738693; 0.324162; 4.062855
564; 575280; 3.749842; 0.309371; 4.059213
565; 1411830; 3.757262; 0.362711; 4.119973
566; 1364160; 3.747304; 0.354810; 4.102114
567; 1081278; 3.747912; 0.334177; 4.082089
568; 814968; 3.746108; 0.344592; 4.090700
569; 1300698; 3.755690; 0.359775; 4.115465
570; 877716; 3.744852; 0.304496; 4.049348
571; 82368; 3.755375; 0.345040; 4.100415
572; 1229520; 3.761511; 0.342745; 4.104256
573; 352440; 3.750785; 0.346343; 4.097128
574; 1161600; 3.753010; 0.319239; 4.072249
575; 966552; 3.756838; 0.319500; 4.076338
576; 1605906; 3.747124; 0.378340; 4.125464
577; 971165; 3.775226; 0.352232; 4.127458
578; 894048; 3.768727; 0.310389; 4.079116
579; 1794010; 3.743076; 0.316750; 4.059826
580; 1106496; 3.739897; 0.309027; 4.048924
581; 96444; 3.744452; 0.337645; 4.082097
582; 1036350; 3.738209; 0.325830; 4.064039
583; 249690; 3.813343; 0.335520; 4.148863
584; 162540; 3.750300; 0.331961; 4.082261
585; 229104; 3.756313; 0.332451; 4.088764
586; 447120; 3.744739; 0.320788; 4.065527
587; 166752; 3.763592; 0.315261; 4.078853
588; 28224; 3.745876; 0.312748; 4.058624
589; 47285; 3.768167; 0.317471; 4.085638
590; 1846800; 3.747200; 0.346573; 4.093773
591; 258440; 3.758314; 0.314387; 4.072701
592; 1195887; 3.743671; 0.359831; 4.103502
593; 1201840; 3.762116; 0.317232; 4.079348
594; 781440; 3.750611; 0.348989; 4.099600
595; 1288872; 3.753260; 0.303429; 4.056689
596; 57525; 3.754566; 0.312290; 4.066856
597; 1795200; 3.779019; 0.307044; 4.086063
598; 1677000; 3.770700; 0.332940; 4.103640
599; 1376575; 3.747634; 0.309331; 4.056965
600; 528612; 3.748148; 0.337156; 4.085304
601; 1492830; 3.745935; 0.310839; 4.056774
602; 1316832; 3.747571; 0.346220; 4.093791
603; 828590; 3.762827; 0.331821; 4.094648
604; 1441396; 3.753388; 0.325007; 4.078395
605; 22512; 3.752753; 0.311474; 4.064227
606; 1701018; 3.749143; 0.369443; 4.118586
607; 200640; 3.754560; 0.310020; 4.064580
608; 252384; 3.767141; 0.317615; 4.084756
609; 198000; 3.822137; 0.350635; 4.172772
610; 1845130; 3.755312; 0.315846; 4.071158
611; 145440; 3.743143; 0.310091; 4.053234
612; 778050; 3.776367; 0.330259; 4.106626
613; 661540; 3.764810; 0.307875; 4.072685
614; 1933875; 3.787203; 0.329849; 4.117052
615; 556776; 3.744190; 0.334181; 4.078371
616; 420462; 3.746200; 0.332676; 4.078876
617; 679056; 3.770025; 0.306264; 4.076289
618; 761395; 3.752358; 0.308359; 4.060717
619; 1625720; 3.807670; 0.325163; 4.132833
620; 1633599; 3.759599; 0.309372; 4.068971
621; 301050; 3.740613; 0.363380; 4.103993
622; 157377; 3.779011; 0.353210; 4.132221
623; 1346319; 3.743902; 0.366435; 4.110337
624; 203218; 3.778510; 0.324449; 4.102959
625; 1098048; 3.808785; 0.365416; 4.174201
626; 41472; 3.754234; 0.363612; 4.117846
627; 242176; 3.746460; 0.365104; 4.111564
628; 1355850; 3.751787; 0.352940; 4.104727
629; 570024; 3.745835; 0.309763; 4.055598
630; 1479280; 3.752502; 0.302493; 4.054995
631; 1064064; 3.767081; 0.360858; 4.127939
632; 1036256; 3.767518; 0.317140; 4.084658
633; 930852; 3.741483; 0.338875; 4.080358
634; 377580; 3.750306; 0.309982; 4.060288
635; 867537; 3.763437; 0.321792; 4.085229
636; 301500; 3.764411; 0.313386; 4.077797
637; 1303984; 3.764305; 0.333272; 4.097577
638; 1256310; 3.741422; 0.328139; 4.069561
639; 1434500; 3.756199; 0.368989; 4.125188
640; 1658566; 3.744517; 0.322879; 4.067396
641; 317460; 3.757871; 0.373366; 4.131237
642; 1780324; 3.744192; 0.372539; 4.116731
643; 834720; 3.747923; 0.339634; 4.087557
644; 494656; 3.768560; 0.325332; 4.093892
645; 1025696; 3.761578; 0.307476; 4.069054
646; 1290168; 3.741292; 0.344418; 4.085710
647; 1904760; 3.752974; 0.315783; 4.068757
648; 154836; 3.755783; 0.313104; 4.068887
649; 494700; 3.754183; 0.335466; 4.089649
650; 592459; 3.750169; 0.305522; 4.055691
651; 315056; 3.751581; 0.332563; 4.084144
652; 177422; 3.743469; 0.325431; 4.068900
653; 692325; 3.822820; 0.337268; 4.160088
654; 92722; 3.755202; 0.356934; 4.112136
655; 1763124; 3.814176; 0.308009; 4.122185
656; 1065972; 3.754423; 0.329554; 4.083977
657; 212544; 3.767932; 0.367098; 4.135030
658; 249312; 3.832567; 0.303096; 4.135663
659; 601506; 3.782089; 0.353063; 4.135152
660; 38148; 3.745490; 0.312137; 4.057627
661; 623610; 3.748727; 0.312642; 4.061369
662; 1216462; 3.739821; 0.343329; 4.083150
663; 1991952; 3.748869; 0.355686; 4.104555
664; 1350580; 3.748060; 0.329647; 4.077707
665; 188892; 3.746529; 0.366398; 4.112927
666; 631488; 3.747054; 0.335599; 4.082653
667; 1051344; 3.757935; 0.362919; 4.120854
668; 865914; 3.746124; 0.315874; 4.061998
669; 689724; 3.757490; 0.331473; 4.088963
670; 767340; 3.750160; 0.316097; 4.066257
671; 428868; 3.766655; 0.324737; 4.091392
672; 701316; 3.766583; 0.317438; 4.084021
673; 112974; 3.749284; 0.330244; 4.079528
674; 730128; 3.755194; 0.361705; 4.116899
675; 1311228; 3.748030; 0.337870; 4.085900
676; 496320; 3.763372; 0.322001; 4.085373
677; 688160; 3.751435; 0.357002; 4.108437
678; 1220160; 3.747409; 0.363229; 4.110638
679; 1261872; 3.752024; 0.307991; 4.060015
680; 377146; 3.748614; 0.305694; 4.054308
681; 1153440; 3.822951; 0.326662; 4.149613
682; 184254; 3.756340; 0.351117; 4.107457
683; 408456; 3.822122; 0.372094; 4.194216
684; 1896552; 3.768426; 0.353149; 4.121575
685; 1741440; 3.778855; 0.330829; 4.109684
686; 864432; 3.751581; 0.352611; 4.104192
687; 892320; 3.757993; 0.310585; 4.068578
688; 656250; 3.745440; 0.303193; 4.048633
689; 754416; 3.774170; 0.340330; 4.114500
690; 60630; 3.742262; 0.364186; 4.106448
691; 635346; 3.753402; 0.320772; 4.074174
692; 228520; 3.756297; 0.313297; 4.069594
693; 613634; 3.826906; 0.311091; 4.137997
694; 1740375; 3.742993; 0.348245; 4.091238
695; 1369206; 3.821059; 0.309191; 4.130250
696; 804168; 3.774377; 0.304794; 4.079171
697; 1507968; 3.762763; 0.307897; 4.070660
698; 1463760; 3.751701; 0.306881; 4.058582
699; 1467144; 3.764671; 0.367003; 4.131674
700; 848232; 3.742853; 0.323884; 4.066737
701; 1333640; 3.776209; 0.347271; 4.123480
702; 1037043; 3.791475; 0.346186; 4.137661
703; 534204; 3.754980; 0.352081; 4.107061
704; 452864; 3.756990; 0.321727; 4.078717
705; 1510960; 3.770768; 0.316309; 4.087077
706; 1082240; 3.764470; 0.316494; 4.080964
707; 1707123; 3.761961; 0.307458; 4.069419
708; 800660; 3.774356; 0.309670; 4.084026
709; 937657; 3.747939; 0.353462; 4.101401
710; 410620; 3.745900; 0.302743; 4.048643
711; 1582416; 3.710771; 0.306401; 4.017172
712; 113184; 3.742507; 0.326125; 4.068632
713; 44520; 3.749480; 0.361298; 4.110778
714; 1886046; 3.746510; 0.347031; 4.093541
715; 1029420; 3.745009; 0.329958; 4.074967
716; 1349523; 3.771488; 0.323037; 4.094525
717; 1620168; 3.763309; 0.307371; 4.070680
718; 1201320; 3.749417; 0.348549; 4.097966
719; 1252960; 3.745023; 0.313139; 4.058162
720; 1850970; 3.757911; 0.339172; 4.097083
721; 1377492; 3.746048; 0.319109; 4.065157
722; 1971072; 3.746825; 0.355329; 4.102154
723; 484610; 3.747079; 0.308649; 4.055728
724; 935550; 3.752934; 0.330630; 4.083564
725; 1618344; 3.755290; 0.311697; 4.066987
726; 118864; 3.824092; 0.366066; 4.190158
727; 1191915; 3.750097; 0.325220; 4.075317
728; 836892; 3.807855; 0.343057; 4.150912
729; 1361520; 3.745886; 0.336880; 4.082766
730; 1910694; 3.757627; 0.322591; 4.080218
731; 1083024; 3.783551; 0.350767; 4.134318
732; 1448720; 3.757643; 0.321433; 4.079076
733; 1478750; 3.756402; 0.327823; 4.084225
734; 1802736; 3.764937; 0.310450; 4.075387
735; 1751085; 3.753040; 0.366645; 4.119685
736; 1104552; 3.794185; 0.341055; 4.135240
737; 1926372; 3.743316; 0.333202; 4.076518
738; 798200; 3.756350; 0.356391; 4.112741
739; 1483020; 3.750615; 0.368583; 4.119198
740; 1880802; 3.746833; 0.371138; 4.117971
741; 1653456; 3.750954; 0.342706; 4.093660
742; 1376868; 3.761644; 0.345448; 4.107092
743; 616341; 3.781729; 0.302539; 4.084268
744; 1457182; 3.745527; 0.318000; 4.063527
745; 1400680; 3.744353; 0.352568; 4.096921
746; 1001880; 3.775903; 0.317493; 4.093396
747; 1443640; 3.818257; 0.346926; 4.165183
748; 1240120; 3.752610; 0.364920; 4.117530
749; 85500; 3.817450; 0.367771; 4.185221
750; 475200; 3.751505; 0.343729; 4.095234
751; 404992; 3.753247; 0.323394; 4.076641
752; 1275072; 3.751798; 0.333152; 4.084950
753; 274380; 3.745441; 0.331661; 4.077102
754; 548964; 3.745139; 0.359374; 4.104513
755; 582941; 3.851853; 0.315549; 4.167402
756; 1741650; 3.754002; 0.340993; 4.094995
757; 1966048; 3.815925; 0.344269; 4.160194
758; 632874; 3.769188; 0.343702; 4.112890
759; 612360; 3.780418; 0.303611; 4.084029
760; 1146555; 3.739564; 0.335744; 4.075308
761; 1850886; 3.743339; 0.358519; 4.101858
762; 402240; 3.783547; 0.345657; 4.129204
763; 403770; 3.746847; 0.310688; 4.057535
764; 414253; 3.751434; 0.356955; 4.108389
765; 1186731; 3.807246; 0.311814; 4.119060
766; 76950; 3.746426; 0.350520; 4.096946
767; 123354; 3.755601; 0.331106; 4.086707
768; 1228344; 3.775192; 0.310375; 4.085567
769; 1204416; 3.743326; 0.325198; 4.068524
770; 919212; 3.762306; 0.360197; 4.122503
771; 1104768; 3.744953; 0.305878; 4.050831
772; 935394; 3.747395; 0.326726; 4.074121
773; 1457820; 3.754245; 0.326946; 4.081191
774; 1535268; 3.749048; 0.326301; 4.075349
775; 197120; 3.751113; 0.317988; 4.069101
776; 1214730; 3.741673; 0.364611; 4.106284
777; 194936; 3.742985; 0.309565; 4.052550
778; 689196; 3.749387; 0.309817; 4.059204
779; 600480; 3.763405; 0.352415; 4.115820
780; 1552615; 3.743581; 0.336585; 4.080166
781; 1172600; 3.790148; 0.337373; 4.127521
782; 1196448; 3.741777; 0.356113; 4.097890
783; 1093744; 3.829235; 0.310897; 4.140132
784; 70840; 3.775135; 0.333770; 4.108905
785; 1092300; 3.744321; 0.350459; 4.094780
786; 53100; 3.743268; 0.355164; 4.098432
787; 442520; 3.755774; 0.344775; 4.100549
788; 54450; 3.751615; 0.314846; 4.066461
789; 742560; 3.756183; 0.309982; 4.066165
790; 1601054; 3.736935; 0.318944; 4.055879
791; 1862064; 3.747943; 0.313285; 4.061228
792; 1659840; 3.816035; 0.314247; 4.130282
793; 126480; 3.784715; 0.327846; 4.112561
794; 1677195; 3.764434; 0.316326; 4.080760
795; 306185; 3.751226; 0.305829; 4.057055
796; 1663893; 3.771497; 0.370818; 4.142315
797; 345112; 3.749684; 0.308562; 4.058246
798; 813288; 3.746144; 0.305342; 4.051486
799; 1968192; 3.747702; 0.351655; 4.099357
800; 154470; 3.772917; 0.312936; 4.085853
801; 1632610; 3.748882; 0.308831; 4.057713
802; 1573000; 3.746339; 0.367895; 4.114234
803; 1386658; 3.747093; 0.307563; 4.054656
804; 1301597; 3.743242; 0.308906; 4.052148
805; 84212; 3.766250; 0.312905; 4.079155
806; 926280; 3.742767; 0.327698; 4.070465
807; 141264; 3.743338; 0.313309; 4.056647
808; 172800; 3.771951; 0.323587; 4.095538
809; 390048; 3.751982; 0.355854; 4.107836
810; 315721; 3.767075; 0.346414; 4.113489
811; 546750; 3.834568; 0.319547; 4.154115
812; 21252; 3.745213; 0.305599; 4.050812
813; 81480; 3.763211; 0.324909; 4.088120
814; 205086; 3.748061; 0.324242; 4.072303
815; 326655; 3.758849; 0.331077; 4.089926
816; 1468104; 3.817782; 0.316773; 4.134555
817; 1826540; 3.755560; 0.332223; 4.087783
818; 1873536; 3.747658; 0.364111; 4.111769
819; 362664; 3.753307; 0.310182; 4.063489
820; 400180; 3.758009; 0.310453; 4.068462
821; 1988750; 3.760025; 0.303124; 4.063149
822; 1414325; 3.743860; 0.365455; 4.109315
823; 401940; 3.760620; 0.312992; 4.073612
824; 139740; 3.762306; 0.347663; 4.109969
825; 133856; 3.766019; 0.313099; 4.079118
826; 1110000; 3.752427; 0.354543; 4.106970
827; 294336; 3.754488; 0.313294; 4.067782
828; 1717884; 3.823961; 0.309330; 4.133291
829; 482732; 3.745376; 0.320794; 4.066170
830; 118503; 3.752456; 0.310160; 4.062616
831; 1057302; 3.760407; 0.309152; 4.069559
832; 1627908; 3.751040; 0.353135; 4.104175
833; 855000; 3.747328; 0.335048; 4.082376
834; 53010; 3.749633; 0.312025; 4.061658
835; 66178; 3.741978; 0.309768; 4.051746
836; 178920; 3.768843; 0.349834; 4.118677
837; 1762236; 3.744774; 0.331978; 4.076752
838; 546156; 3.831206; 0.309424; 4.140630
839; 211074; 3.759397; 0.357383; 4.116780
840; 840213; 3.747109; 0.329289; 4.076398
841; 1988100; 3.744918; 0.340605; 4.085523
842; 696084; 3.770317; 0.366474; 4.136791
843; 124806; 3.752889; 0.332694; 4.085583
844; 809710; 3.745106; 0.310989; 4.056095
845; 553175; 3.774249; 0.329291; 4.103540
846; 1939590; 3.756830; 0.329747; 4.086577
847; 495000; 3.740831; 0.342258; 4.083089
848; 93810; 3.746364; 0.312011; 4.058375
849; 286254; 3.739624; 0.342609; 4.082233
850; 120684; 3.788131; 0.307922; 4.096053
851; 1090200; 3.811899; 0.306776; 4.118675
852; 74936; 3.742719; 0.312124; 4.054843
853; 20387; 3.771033; 0.342441; 4.113474
854; 278425; 3.743337; 0.308630; 4.051967
855; 593640; 3.755187; 0.310964; 4.066151
856; 69399; 3.746725; 0.326997; 4.073722
857; 1909152; 3.750558; 0.304826; 4.055384
858; 1915520; 3.770175; 0.308861; 4.079036
859; 825132; 3.758356; 0.331473; 4.089829
860; 1415610; 3.753543; 0.343949; 4.097492
861; 76912; 3.750647; 0.309822; 4.060469
862; 1511932; 3.753831; 0.315813; 4.069644
863; 1076940; 3.766803; 0.311002; 4.077805
864; 359260; 3.766182; 0.361031; 4.127213
865; 1591044; 3.747952; 0.370605; 4.118557
866; 350350; 3.767869; 0.369688; 4.137557
867; 1378254; 3.759544; 0.337724; 4.097268
868; 1047144; 3.742396; 0.321736; 4.064132
869; 98280; 3.757589; 0.316052; 4.073641
870; 430950; 3.757671; 0.309818; 4.067489
871; 1399248; 3.753290; 0.364831; 4.118121
872; 1406475; 3.797669; 0.317388; 4.115057
873; 1909908; 3.763230; 0.303157; 4.066387
874; 210936; 3.756325; 0.361458; 4.117783
875; 1766124; 3.750860; 0.350894; 4.101754
876; 730800; 3.747403; 0.347996; 4.095399
877; 933999; 3.754139; 0.353992; 4.108131
878; 584896; 3.779180; 0.317314; 4.096494
879; 1085400; 3.757845; 0.328316; 4.086161
880; 227900; 3.745005; 0.320230; 4.065235
881; 107802; 3.752233; 0.346827; 4.099060
882; 466944; 3.742134; 0.313479; 4.055613
883; 1717170; 3.786584; 0.321883; 4.108467
884; 588000; 3.745303; 0.309319; 4.054622
885; 153972; 3.754125; 0.350533; 4.104658
886; 778752; 3.741824; 0.340558; 4.082382
887; 1935538; 3.753673; 0.309307; 4.062980
888; 1626880; 3.860080; 0.309119; 4.169199
889; 110000; 3.763511; 0.312603; 4.076114
890; 105840; 3.755630; 0.307142; 4.062772
891; 125132; 3.745347; 0.308605; 4.053952
892; 1174750; 3.746825; 0.331146; 4.077971
893; 123164; 3.763096; 0.332920; 4.096016
894; 1064097; 3.747119; 0.329954; 4.077073
895; 290780; 3.746078; 0.311440; 4.057518
896; 1080422; 3.757702; 0.306196; 4.063898
897; 727605; 3.740951; 0.310108; 4.051059
898; 947712; 3.758007; 0.304027; 4.062034
899; 1406790; 3.858497; 0.313147; 4.171644
900; 1620928; 3.748801; 0.368128; 4.116929
901; 1670400; 3.746507; 0.323123; 4.069630
902; 1896180; 3.747437; 0.333928; 4.081365
903; 211775; 3.754218; 0.308137; 4.062355
904; 712089; 3.760193; 0.350728; 4.110921
905; 1948914; 3.747324; 0.308508; 4.055832
906; 1393340; 3.742986; 0.329280; 4.072266
907; 1183812; 3.748727; 0.340146; 4.088873
908; 626658; 3.752005; 0.312372; 4.064377
909; 758290; 3.760474; 0.352964; 4.113438
910; 1491840; 3.766854; 0.341864; 4.108718
911; 594000; 3.748556; 0.334238; 4.082794
912; 1519765; 3.749315; 0.322703; 4.072018
913; 1464050; 3.784375; 0.331652; 4.116027
914; 776628; 3.743185; 0.346830; 4.090015
915; 483894; 3.768650; 0.326577; 4.095227
916; 953496; 3.759211; 0.348785; 4.107996
917; 610080; 3.746431; 0.337001; 4.083432
918; 1165604; 3.742309; 0.320860; 4.063169
919; 571536; 3.743110; 0.359175; 4.102285
920; 278640; 3.751458; 0.340709; 4.092167
921; 799533; 3.744974; 0.366592; 4.111566
922; 1216380; 3.761062; 0.338025; 4.099087
923; 351024; 3.759614; 0.358347; 4.117961
924; 574218; 3.748979; 0.303718; 4.052697
925; 249318; 3.762849; 0.328415; 4.091264
926; 1705440; 3.751127; 0.323859; 4.074986
927; 1300180; 3.756248; 0.320191; 4.076439
928; 1576512; 3.746210; 0.356606; 4.102816
929; 209790; 3.821943; 0.339063; 4.161006
930; 194670; 3.766741; 0.310985; 4.077726
931; 6018; 3.781639; 0.306222; 4.087861
932; 868048; 3.766230; 0.338799; 4.105029
933; 336875; 3.744883; 0.321739; 4.066622
934; 1827360; 3.744354; 0.320921; 4.065275
935; 230950; 3.762140; 0.319448; 4.081588
936; 227360; 3.740007; 0.340357; 4.080364
937; 520128; 3.816305; 0.349415; 4.165720
938; 1332396; 3.745972; 0.306477; 4.052449
939; 1191446; 3.750392; 0.324549; 4.074941
940; 15300; 3.743959; 0.310808; 4.054767
941; 298080; 3.751465; 0.321487; 4.072952
942; 1430205; 3.750998; 0.333994; 4.084992
943; 907353; 3.741313; 0.367713; 4.109026
944; 580853; 3.757478; 0.363417; 4.120895
945; 141180; 3.763766; 0.320908; 4.084674
946; 156996; 3.745725; 0.367267; 4.112992
947; 145046; 3.752861; 0.367483; 4.120344
948; 501420; 3.785186; 0.346503; 4.131689
949; 1790208; 3.744024; 0.314843; 4.058867
950; 595161; 3.748877; 0.305051; 4.053928
951; 867680; 3.762899; 0.358967; 4.121866
952; 611490; 3.747590; 0.320465; 4.068055
953; 1261400; 3.801342; 0.351942; 4.153284
954; 733590; 3.782095; 0.345890; 4.127985
955; 1750280; 3.781263; 0.320895; 4.102158
956; 342000; 3.761959; 0.306193; 4.068152
957; 714384; 3.756589; 0.331544; 4.088133
958; 420882; 3.745004; 0.343886; 4.088890
959; 1458390; 3.748735; 0.348425; 4.097160
960; 378624; 3.756938; 0.317298; 4.074236
961; 818928; 3.754366; 0.310909; 4.065275
962; 849303; 3.748322; 0.317866; 4.066188
963; 195570; 3.748059; 0.311371; 4.059430
964; 1386504; 3.772043; 0.364772; 4.136815
965; 1093270; 3.746312; 0.349435; 4.095747
966; 385314; 3.770246; 0.360324; 4.130570
967; 1323960; 3.743088; 0.315754; 4.058842
968; 1309880; 3.763166; 0.334073; 4.097239
969; 51744; 3.752466; 0.368487; 4.120953
970; 1279200; 3.754362; 0.306667; 4.061029
971; 1615344; 3.744810; 0.340168; 4.084978
972; 873600; 3.754744; 0.310429; 4.065173
973; 1341084; 3.817800; 0.330597; 4.148397
974; 1982784; 3.747168; 0.327782; 4.074950
975; 218559; 3.841651; 0.315374; 4.157025
976; 434400; 3.749783; 0.303959; 4.053742
977; 1382400; 3.749810; 0.304464; 4.054274
978; 391248; 3.742899; 0.340332; 4.083231
979; 1190617; 3.759165; 0.309502; 4.068667
980; 146160; 3.750241; 0.360181; 4.110422
981; 1277972; 3.746562; 0.307020; 4.053582
982; 1442650; 3.746239; 0.369595; 4.115834
983; 432900; 3.753507; 0.367726; 4.121233
984; 1639440; 3.746860; 0.358553; 4.105413
985; 771900; 3.834365; 0.315229; 4.149594
986; 11150; 3.765938; 0.310525; 4.076463
987; 21675; 3.756793; 0.340553; 4.097346
988; 731841; 3.777643; 0.298818; 4.076461
989; 686196; 3.769333; 0.314280; 4.083613
990; 136192; 3.753488; 0.331902; 4.085390
991; 1461042; 3.757134; 0.316800; 4.073934
992; 227430; 3.756906; 0.330357; 4.087263
993; 158920; 3.752501; 0.320486; 4.072987
994; 923995; 3.788778; 0.357676; 4.146454
995; 1205645; 3.777140; 0.356717; 4.133857
996; 1230080; 3.833709; 0.373028; 4.206737
997; 384948; 3.777040; 0.352897; 4.129937
998; 100260; 3.780006; 0.310633; 4.090639
999; 1170; 3.821304; 0.319584; 4.140888
1000; 306964; 3.811632; 0.340046; 4.151678
