1; 4833762; 3.746080; 0.318119; 4.064199
2; 3948464; 3.813207; 0.328458; 4.141665
3; 412776; 3.789114; 0.362157; 4.151271
4; 4281705; 3.724927; 0.314573; 4.039500
5; 2485120; 3.721331; 0.324234; 4.045565
6; 1636390; 3.747454; 0.324017; 4.071471
7; 244808; 3.769905; 0.311100; 4.081005
8; 553320; 3.747157; 0.317421; 4.064578
9; 1503880; 3.792188; 0.339043; 4.131231
10; 212724; 3.784556; 0.353487; 4.138043
11; 511000; 3.839099; 0.309958; 4.149057
12; 4523960; 3.810135; 0.357229; 4.167364
13; 446964; 3.777820; 0.311433; 4.089253
14; 1934138; 3.749298; 0.309871; 4.059169
15; 4900896; 3.743094; 0.331679; 4.074773
16; 361150; 3.807843; 0.338690; 4.146533
17; 3544415; 3.832023; 0.323865; 4.155888
18; 4842768; 3.851193; 0.307999; 4.159192
19; 668960; 3.747304; 0.351855; 4.099159
20; 3270582; 3.738667; 0.322773; 4.061440
21; 2284000; 3.745460; 0.315138; 4.060598
22; 4533210; 3.784149; 0.337451; 4.121600
23; 4456764; 3.811836; 0.309915; 4.121751
24; 1147740; 3.740745; 0.310705; 4.051450
25; 2710656; 3.813460; 0.313824; 4.127284
26; 4394320; 3.746553; 0.312094; 4.058647
27; 2957280; 3.741312; 0.349162; 4.090474
28; 1856640; 3.747529; 0.308649; 4.056178
29; 3801735; 3.748853; 0.309009; 4.057862
30; 1193400; 3.741280; 0.337999; 4.079279
31; 4633200; 3.756843; 0.332543; 4.089386
32; 286165; 3.748135; 0.350683; 4.098818
33; 776520; 3.770167; 0.355502; 4.125669
34; 1914405; 3.757869; 0.368314; 4.126183
35; 4947346; 3.746244; 0.316467; 4.062711
36; 3326331; 3.757237; 0.311975; 4.069212
37; 128554; 3.827906; 0.357045; 4.184951
38; 4210704; 3.762853; 0.312992; 4.075845
39; 4029000; 3.750540; 0.309426; 4.059966
40; 4124928; 3.752759; 0.361323; 4.114082
41; 1468530; 3.775472; 0.358096; 4.133568
42; 202510; 3.745020; 0.359625; 4.104645
43; 289884; 3.752230; 0.366509; 4.118739
44; 3694068; 3.761345; 0.323970; 4.085315
45; 510272; 3.764783; 0.308387; 4.073170
46; 298350; 3.741905; 0.310694; 4.052599
47; 1686906; 3.758168; 0.332045; 4.090213
48; 2954114; 3.748839; 0.325894; 4.074733
49; 2526336; 3.742244; 0.328977; 4.071221
50; 475540; 3.752623; 0.307038; 4.059661
51; 4363184; 3.746865; 0.310016; 4.056881
52; 1835736; 3.742835; 0.304855; 4.047690
53; 1584720; 3.741851; 0.346673; 4.088524
54; 2005700; 3.743876; 0.311202; 4.055078
55; 913556; 3.752510; 0.303019; 4.055529
56; 1728492; 3.820324; 0.341868; 4.162192
57; 4155205; 3.739177; 0.362827; 4.102004
58; 213840; 3.746533; 0.369060; 4.115593
59; 980343; 3.793793; 0.343204; 4.136997
60; 1278900; 3.746090; 0.324585; 4.070675
61; 2606032; 3.741405; 0.318202; 4.059607
62; 391950; 3.756017; 0.318242; 4.074259
63; 3722400; 3.745954; 0.306746; 4.052700
64; 2853480; 3.753251; 0.328406; 4.081657
65; 1851960; 3.751334; 0.340347; 4.091681
66; 2461431; 3.741064; 0.317710; 4.058774
67; 3160125; 3.742798; 0.323011; 4.065809
68; 789096; 3.747817; 0.373670; 4.121487
69; 2616300; 3.757251; 0.314382; 4.071633
70; 3198132; 3.785825; 0.348781; 4.134606
71; 2458620; 3.744866; 0.351930; 4.096796
72; 3837760; 3.851498; 0.336526; 4.188024
73; 3016860; 3.746840; 0.357338; 4.104178
74; 2936502; 3.761722; 0.304343; 4.066065
75; 2133120; 3.820504; 0.313021; 4.133525
76; 1866816; 3.748507; 0.367089; 4.115596
77; 349500; 3.755762; 0.346461; 4.102223
78; 1587008; 3.757013; 0.364067; 4.121080
79; 3026730; 3.758725; 0.312121; 4.070846
80; 204240; 3.744891; 0.333305; 4.078196
81; 518400; 3.747579; 0.339620; 4.087199
82; 3400320; 3.773392; 0.331458; 4.104850
83; 4722484; 3.750503; 0.344607; 4.095110
84; 808548; 3.790081; 0.310535; 4.100616
85; 574800; 3.746697; 0.334179; 4.080876
86; 136290; 3.727082; 0.358103; 4.085185
87; 2992329; 3.747353; 0.311935; 4.059288
88; 944247; 3.743198; 0.303068; 4.046266
89; 1201655; 3.826206; 0.327129; 4.153335
90; 3071900; 3.741257; 0.313152; 4.054409
91; 3967362; 3.744948; 0.307072; 4.052020
92; 1065792; 3.751675; 0.344848; 4.096523
93; 191115; 3.745250; 0.359631; 4.104881
94; 3500079; 3.757052; 0.341449; 4.098501
95; 3731988; 3.753214; 0.320968; 4.074182
96; 4826775; 3.754404; 0.304190; 4.058594
97; 1201095; 3.752330; 0.363000; 4.115330
98; 1518912; 3.756093; 0.313641; 4.069734
99; 3158100; 3.766060; 0.311041; 4.077101
100; 104256; 3.755002; 0.312163; 4.067165
101; 2739198; 3.758816; 0.325380; 4.084196
102; 2315682; 3.762551; 0.306134; 4.068685
103; 1356912; 3.800459; 0.315167; 4.115626
104; 1483920; 3.774501; 0.306376; 4.080877
105; 2267460; 3.844614; 0.331572; 4.176186
106; 78540; 3.750134; 0.308201; 4.058335
107; 209620; 3.808281; 0.349965; 4.158246
108; 1473750; 3.742861; 0.308614; 4.051475
109; 1815940; 3.754173; 0.337647; 4.091820
110; 3227900; 3.749519; 0.357174; 4.106693
111; 2937060; 3.771168; 0.313367; 4.084535
112; 1890452; 3.754564; 0.327320; 4.081884
113; 2382912; 3.750183; 0.311367; 4.061550
114; 2278500; 3.753386; 0.310562; 4.063948
115; 2897532; 3.762744; 0.346606; 4.109350
116; 4530920; 3.777616; 0.323558; 4.101174
117; 3808600; 3.749537; 0.342936; 4.092473
118; 3686364; 3.764723; 0.322059; 4.086782
119; 33170; 3.767153; 0.341795; 4.108948
120; 4701762; 3.751705; 0.308001; 4.059706
121; 3729132; 3.742761; 0.359423; 4.102184
122; 2131404; 3.811430; 0.355326; 4.166756
123; 456484; 3.739727; 0.316190; 4.055917
124; 571340; 3.819174; 0.354278; 4.173452
125; 3947808; 3.748018; 0.342868; 4.090886
126; 4328685; 3.749540; 0.317953; 4.067493
127; 1444320; 3.760651; 0.325128; 4.085779
128; 2481984; 3.768645; 0.357535; 4.126180
129; 960102; 3.778071; 0.370618; 4.148689
130; 1740426; 3.766461; 0.304558; 4.071019
131; 4263000; 3.755605; 0.315950; 4.071555
132; 3064320; 3.759627; 0.315134; 4.074761
133; 513532; 3.775063; 0.311709; 4.086772
134; 3864276; 3.752311; 0.310808; 4.063119
135; 4583664; 3.774540; 0.337979; 4.112519
136; 2722500; 3.749836; 0.365042; 4.114878
137; 4378374; 3.816155; 0.357039; 4.173194
138; 2295252; 3.751807; 0.359503; 4.111310
139; 2443308; 3.752080; 0.307193; 4.059273
140; 1058148; 3.753191; 0.364809; 4.118000
141; 3754296; 3.749911; 0.358990; 4.108901
142; 2415700; 3.746901; 0.345608; 4.092509
143; 2035800; 3.842950; 0.331797; 4.174747
144; 1799595; 3.818881; 0.309385; 4.128266
145; 219051; 3.750883; 0.307830; 4.058713
146; 1540200; 3.755753; 0.355441; 4.111194
147; 2530656; 3.747399; 0.342079; 4.089478
148; 648324; 3.755386; 0.313232; 4.068618
149; 4701312; 3.740808; 0.320265; 4.061073
150; 2293434; 3.749933; 0.342374; 4.092307
151; 2860416; 3.774780; 0.367785; 4.142565
152; 310123; 3.718211; 0.308788; 4.026999
153; 20160; 3.739975; 0.312196; 4.052171
154; 3074922; 3.771272; 0.327625; 4.098897
155; 1568700; 3.739248; 0.328537; 4.067785
156; 4502036; 3.751639; 0.324082; 4.075721
157; 356252; 3.747629; 0.357438; 4.105067
158; 732672; 3.758420; 0.309675; 4.068095
159; 2768832; 3.788579; 0.337859; 4.126438
160; 1047508; 3.751388; 0.318283; 4.069671
161; 2511750; 3.757916; 0.357734; 4.115650
162; 3362772; 3.833623; 0.319930; 4.153553
163; 3071046; 3.762203; 0.365821; 4.128024
164; 1772820; 3.743166; 0.306400; 4.049566
165; 1833920; 3.754858; 0.318940; 4.073798
166; 3237234; 3.759466; 0.336065; 4.095531
167; 3344954; 3.744159; 0.309238; 4.053397
168; 1408704; 3.743350; 0.344294; 4.087644
169; 1533194; 3.772647; 0.361786; 4.134433
170; 1431375; 3.737375; 0.334666; 4.072041
171; 224896; 3.747287; 0.318427; 4.065714
172; 2806272; 3.768658; 0.314994; 4.083652
173; 1392640; 3.757116; 0.308606; 4.065722
174; 476046; 3.786586; 0.334711; 4.121297
175; 3739008; 3.742893; 0.340601; 4.083494
176; 3602004; 3.775801; 0.363800; 4.139601
177; 1794690; 3.751565; 0.327899; 4.079464
178; 3222162; 3.755424; 0.349244; 4.104668
179; 3348336; 3.761910; 0.313566; 4.075476
180; 3082824; 3.739553; 0.314237; 4.053790
181; 2640120; 3.749648; 0.314537; 4.064185
182; 25194; 3.758702; 0.314348; 4.073050
183; 3923175; 3.748513; 0.361299; 4.109812
184; 807408; 3.743304; 0.352774; 4.096078
185; 1892478; 3.748533; 0.338717; 4.087250
186; 401320; 3.766443; 0.352333; 4.118776
187; 3709790; 3.774528; 0.310510; 4.085038
188; 4024260; 3.808361; 0.308594; 4.116955
189; 1404844; 3.761942; 0.313397; 4.075339
190; 4734730; 3.765891; 0.335195; 4.101086
191; 1482624; 3.765273; 0.348001; 4.113274
192; 1614976; 3.768049; 0.356707; 4.124756
193; 3880305; 3.754636; 0.315494; 4.070130
194; 2854260; 3.747227; 0.375705; 4.122932
195; 4352082; 3.742806; 0.342307; 4.085113
196; 256520; 3.781449; 0.313769; 4.095218
197; 3462792; 3.764634; 0.366904; 4.131538
198; 4049212; 3.752421; 0.324125; 4.076546
199; 2884860; 3.774046; 0.327770; 4.101816
200; 3020010; 3.748525; 0.338259; 4.086784
201; 2309594; 3.814320; 0.311689; 4.126009
202; 4987908; 3.750404; 0.314017; 4.064421
203; 1722600; 3.749771; 0.347534; 4.097305
204; 2742432; 3.744275; 0.322100; 4.066375
205; 3199625; 3.741253; 0.321150; 4.062403
206; 592344; 3.754259; 0.317418; 4.071677
207; 4982940; 3.822570; 0.314535; 4.137105
208; 4942080; 3.768432; 0.352170; 4.120602
209; 286400; 3.740165; 0.311190; 4.051355
210; 961695; 3.770506; 0.324295; 4.094801
211; 3352580; 3.821336; 0.322280; 4.143616
212; 2955042; 3.772640; 0.327767; 4.100407
213; 976872; 3.805371; 0.366407; 4.171778
214; 1196000; 3.759452; 0.328944; 4.088396
215; 3565620; 3.742089; 0.305902; 4.047991
216; 4268800; 3.763592; 0.307606; 4.071198
217; 3350187; 3.759977; 0.343144; 4.103121
218; 855684; 3.750033; 0.308811; 4.058844
219; 2802144; 3.812196; 0.344475; 4.156671
220; 932946; 3.739029; 0.309155; 4.048184
221; 1739376; 3.754945; 0.303090; 4.058035
222; 2511744; 3.739481; 0.362867; 4.102348
223; 4425729; 3.759843; 0.317418; 4.077261
224; 25075; 3.726149; 0.303380; 4.029529
225; 1479680; 3.743938; 0.309951; 4.053889
226; 3320562; 3.741682; 0.306504; 4.048186
227; 1208844; 3.864760; 0.314361; 4.179121
228; 3557883; 3.742443; 0.327315; 4.069758
229; 1026000; 3.780279; 0.367339; 4.147618
230; 1232064; 3.753047; 0.309305; 4.062352
231; 4094250; 3.768054; 0.304532; 4.072586
232; 1437184; 3.744446; 0.361059; 4.105505
233; 4961280; 3.848616; 0.309006; 4.157622
234; 4416192; 3.746454; 0.309867; 4.056321
235; 2010420; 3.807126; 0.361871; 4.168997
236; 968840; 3.748654; 0.333358; 4.082012
237; 3530688; 3.776840; 0.344628; 4.121468
238; 1009984; 3.766532; 0.312931; 4.079463
239; 3203070; 3.743914; 0.311480; 4.055394
240; 731679; 3.753099; 0.369616; 4.122715
241; 4201472; 3.768737; 0.308574; 4.077311
242; 746265; 3.756123; 0.307730; 4.063853
243; 555135; 3.751356; 0.338072; 4.089428
244; 1701000; 3.826362; 0.368266; 4.194628
245; 2386500; 3.774556; 0.367119; 4.141675
246; 1957176; 3.763846; 0.356136; 4.119982
247; 1584183; 3.750880; 0.305524; 4.056404
248; 2691975; 3.760605; 0.336262; 4.096867
249; 4084250; 3.753523; 0.314092; 4.067615
250; 1038312; 3.754818; 0.335258; 4.090076
251; 2976129; 3.768097; 0.358258; 4.126355
252; 300192; 3.770332; 0.349381; 4.119713
253; 2552000; 3.751729; 0.360084; 4.111813
254; 369252; 3.754041; 0.346973; 4.101014
255; 3558618; 3.748777; 0.327246; 4.076023
256; 2350032; 3.753471; 0.345542; 4.099013
257; 2796430; 3.750506; 0.332157; 4.082663
258; 932064; 3.757171; 0.307812; 4.064983
259; 1372035; 3.807625; 0.325074; 4.132699
260; 645354; 3.763268; 0.310341; 4.073609
261; 2457897; 3.766481; 0.335520; 4.102001
262; 2181360; 3.745392; 0.342567; 4.087959
263; 2834560; 3.757299; 0.326268; 4.083567
264; 1731709; 3.757674; 0.369651; 4.127325
265; 2915640; 3.748145; 0.352225; 4.100370
266; 3863650; 3.788652; 0.364297; 4.152949
267; 2041299; 3.741037; 0.311686; 4.052723
268; 3427200; 3.795578; 0.306653; 4.102231
269; 2446200; 3.748724; 0.322394; 4.071118
270; 366444; 3.753227; 0.306742; 4.059969
271; 1943919; 3.736119; 0.309696; 4.045815
272; 4722336; 3.775012; 0.334841; 4.109853
273; 1692900; 3.745692; 0.322479; 4.068171
274; 2391606; 3.755091; 0.316990; 4.072081
275; 1505952; 3.746692; 0.319538; 4.066230
276; 1342000; 3.810574; 0.353586; 4.164160
277; 1269186; 3.744036; 0.303854; 4.047890
278; 32720; 3.762849; 0.347276; 4.110125
279; 1746104; 3.824813; 0.343494; 4.168307
280; 13209; 3.775649; 0.338105; 4.113754
281; 614790; 3.740960; 0.352886; 4.093846
282; 1956672; 3.759443; 0.325229; 4.084672
283; 494832; 3.744424; 0.344719; 4.089143
284; 4032768; 3.763414; 0.334028; 4.097442
285; 1661319; 3.751051; 0.305613; 4.056664
286; 1715904; 3.758293; 0.371337; 4.129630
287; 702720; 3.821214; 0.368454; 4.189668
288; 1575792; 3.765695; 0.308425; 4.074120
289; 1073080; 3.745664; 0.335592; 4.081256
290; 4579120; 3.763523; 0.367234; 4.130757
291; 2055375; 3.820789; 0.313881; 4.134670
292; 569700; 3.809720; 0.306770; 4.116490
293; 2363130; 3.815265; 0.330821; 4.146086
294; 3161133; 3.759154; 0.355800; 4.114954
295; 3120180; 3.744442; 0.318837; 4.063279
296; 57000; 3.748672; 0.346395; 4.095067
297; 1198146; 3.748083; 0.306712; 4.054795
298; 1442000; 3.743769; 0.303318; 4.047087
299; 1984500; 3.741735; 0.329742; 4.071477
300; 1215500; 3.750143; 0.314367; 4.064510
301; 1431672; 3.754843; 0.344522; 4.099365
302; 505476; 3.759459; 0.301216; 4.060675
303; 3724032; 3.755728; 0.314242; 4.069970
304; 1007734; 3.764867; 0.313131; 4.077998
305; 1572516; 3.769027; 0.355034; 4.124061
306; 3170720; 3.742451; 0.369287; 4.111738
307; 934011; 3.752098; 0.346913; 4.099011
308; 527184; 3.747014; 0.355754; 4.102768
309; 2421208; 3.745769; 0.311025; 4.056794
310; 146853; 3.764789; 0.363389; 4.128178
311; 3957024; 3.753113; 0.358812; 4.111925
312; 4683120; 3.746886; 0.317526; 4.064412
313; 4561200; 3.839139; 0.328697; 4.167836
314; 1514376; 3.741755; 0.363036; 4.104791
315; 4386935; 3.749165; 0.359677; 4.108842
316; 2434842; 3.747100; 0.307559; 4.054659
317; 463182; 3.746441; 0.320927; 4.067368
318; 2605920; 3.757923; 0.346642; 4.104565
319; 2261413; 3.822870; 0.339006; 4.161876
320; 2500380; 3.758391; 0.316087; 4.074478
321; 480256; 3.748255; 0.330990; 4.079245
322; 4961250; 3.750685; 0.353923; 4.104608
323; 855760; 3.740211; 0.316960; 4.057171
324; 2125620; 3.754704; 0.344835; 4.099539
325; 87780; 3.746013; 0.314268; 4.060281
326; 864144; 3.758640; 0.366611; 4.125251
327; 68456; 3.764813; 0.307166; 4.071979
328; 370880; 3.745657; 0.362937; 4.108594
329; 3217500; 3.849238; 0.358639; 4.207877
330; 2695680; 3.745702; 0.309897; 4.055599
331; 3837240; 3.782860; 0.333092; 4.115952
332; 687039; 3.812624; 0.333696; 4.146320
333; 756010; 3.780783; 0.309390; 4.090173
334; 1427850; 3.770053; 0.305041; 4.075094
335; 1950852; 3.750290; 0.309645; 4.059935
336; 3834600; 3.764282; 0.301888; 4.066170
337; 2970000; 3.767773; 0.331233; 4.099006
338; 371952; 3.768591; 0.309428; 4.078019
339; 3300402; 3.818166; 0.314299; 4.132465
340; 2773680; 3.738628; 0.310407; 4.049035
341; 2017600; 3.744116; 0.366387; 4.110503
342; 3975552; 3.745399; 0.352257; 4.097656
343; 3778048; 3.757743; 0.344717; 4.102460
344; 1749330; 3.747191; 0.342669; 4.089860
345; 1369520; 3.761532; 0.343839; 4.105371
346; 1034752; 3.742472; 0.323734; 4.066206
347; 2393088; 3.763123; 0.312201; 4.075324
348; 699480; 3.765526; 0.307464; 4.072990
349; 3818880; 3.751211; 0.343530; 4.094741
350; 576576; 3.750504; 0.320452; 4.070956
351; 1742976; 3.746368; 0.354525; 4.100893
352; 3797500; 3.741726; 0.340401; 4.082127
353; 3963168; 3.742899; 0.327317; 4.070216
354; 849680; 3.814844; 0.348005; 4.162849
355; 3980899; 3.763804; 0.336020; 4.099824
356; 1088700; 3.819085; 0.306722; 4.125807
357; 3431076; 3.774541; 0.353906; 4.128447
358; 4965268; 3.760406; 0.306748; 4.067154
359; 3174920; 3.778367; 0.361828; 4.140195
360; 3817800; 3.744169; 0.360464; 4.104633
361; 59892; 3.746198; 0.312453; 4.058651
362; 2884560; 3.757002; 0.358831; 4.115833
363; 489800; 3.740298; 0.341713; 4.082011
364; 1031940; 3.745677; 0.320972; 4.066649
365; 1630476; 3.773804; 0.306398; 4.080202
366; 690552; 3.766627; 0.349777; 4.116404
367; 4134000; 3.745548; 0.345546; 4.091094
368; 265356; 3.817547; 0.368735; 4.186282
369; 3500560; 3.751256; 0.309577; 4.060833
370; 3598320; 3.752603; 0.355578; 4.108181
371; 1779624; 3.745580; 0.310736; 4.056316
372; 4072376; 3.755789; 0.308358; 4.064147
373; 3943420; 3.749175; 0.341566; 4.090741
374; 4022676; 3.757058; 0.339902; 4.096960
375; 2154087; 3.759553; 0.310642; 4.070195
376; 3906090; 3.748222; 0.336679; 4.084901
377; 1191918; 3.745346; 0.355295; 4.100641
378; 1168400; 3.742170; 0.361048; 4.103218
379; 3136498; 3.745529; 0.363770; 4.109299
380; 4238640; 3.755262; 0.331222; 4.086484
381; 1412640; 3.766774; 0.348445; 4.115219
382; 856944; 3.738730; 0.352873; 4.091603
383; 2185040; 3.745708; 0.311457; 4.057165
384; 77000; 3.746552; 0.308365; 4.054917
385; 195132; 3.738675; 0.362022; 4.100697
386; 1253070; 3.755787; 0.316427; 4.072214
387; 384560; 3.747680; 0.370726; 4.118406
388; 571872; 3.752564; 0.334874; 4.087438
389; 340276; 3.851239; 0.307919; 4.159158
390; 2407812; 3.744445; 0.331236; 4.075681
391; 2543400; 3.769971; 0.332847; 4.102818
392; 507625; 3.742124; 0.355691; 4.097815
393; 2917773; 3.767123; 0.315888; 4.083011
394; 2145024; 3.755742; 0.350243; 4.105985
395; 1073572; 3.741877; 0.324443; 4.066320
396; 1477980; 3.757886; 0.307855; 4.065741
397; 1246300; 3.758472; 0.353236; 4.111708
398; 3154452; 3.760250; 0.315905; 4.076155
399; 2479620; 3.757235; 0.325769; 4.083004
400; 2649608; 3.761587; 0.352608; 4.114195
401; 4110048; 3.766774; 0.305306; 4.072080
402; 1008678; 3.750508; 0.317838; 4.068346
403; 3887400; 3.743805; 0.349039; 4.092844
404; 2582672; 3.774560; 0.355447; 4.130007
405; 1162512; 3.745914; 0.347818; 4.093732
406; 1256860; 3.753488; 0.353845; 4.107333
407; 4340440; 3.823960; 0.309902; 4.133862
408; 4794672; 3.760052; 0.313218; 4.073270
409; 511368; 3.757358; 0.333627; 4.090985
410; 3929200; 3.778420; 0.339310; 4.117730
411; 476268; 3.745860; 0.322827; 4.068687
412; 4649463; 3.765192; 0.344350; 4.109542
413; 3162510; 3.776430; 0.355075; 4.131505
414; 802240; 3.742767; 0.350079; 4.092846
415; 227920; 3.750404; 0.328522; 4.078926
416; 1079728; 3.752554; 0.353710; 4.106264
417; 508368; 3.742163; 0.349299; 4.091462
418; 3693144; 3.778637; 0.353925; 4.132562
419; 1812772; 3.768140; 0.340133; 4.108273
420; 1934010; 3.749268; 0.311646; 4.060914
421; 2499770; 3.755791; 0.311332; 4.067123
422; 1547436; 3.749016; 0.332283; 4.081299
423; 595776; 3.747649; 0.359760; 4.107409
424; 4678830; 3.775981; 0.313560; 4.089541
425; 3010320; 3.742631; 0.350547; 4.093178
426; 3921711; 3.751507; 0.315027; 4.066534
427; 310068; 3.753207; 0.303178; 4.056385
428; 1035096; 3.756647; 0.314686; 4.071333
429; 494910; 3.827033; 0.365094; 4.192127
430; 3133875; 3.751833; 0.307759; 4.059592
431; 3321600; 3.746659; 0.315636; 4.062295
432; 1562912; 3.791168; 0.319054; 4.110222
433; 4995225; 3.747538; 0.311066; 4.058604
434; 1526184; 3.750914; 0.350352; 4.101266
435; 13140; 3.772534; 0.320686; 4.093220
436; 2994250; 3.742957; 0.307906; 4.050863
437; 797475; 3.744558; 0.329363; 4.073921
438; 1473192; 3.751611; 0.324656; 4.076267
439; 767232; 3.741394; 0.310995; 4.052389
440; 4173120; 3.758761; 0.328349; 4.087110
441; 2421360; 3.776481; 0.310048; 4.086529
442; 72912; 3.795206; 0.343798; 4.139004
443; 1183476; 3.767772; 0.311194; 4.078966
444; 573750; 3.785451; 0.333677; 4.119128
445; 3392516; 3.743904; 0.341130; 4.085034
446; 2047680; 3.752660; 0.344462; 4.097122
447; 612180; 3.748587; 0.361871; 4.110458
448; 510523; 3.756557; 0.368746; 4.125303
449; 727200; 3.759932; 0.307024; 4.066956
450; 673920; 3.769544; 0.342851; 4.112395
451; 3628248; 3.750784; 0.300538; 4.051322
452; 4186039; 3.822511; 0.350395; 4.172906
453; 4502400; 3.750839; 0.304896; 4.055735
454; 2221254; 3.794508; 0.369151; 4.163659
455; 2203929; 3.744685; 0.330885; 4.075570
456; 4616750; 3.749575; 0.310527; 4.060102
457; 209840; 3.774634; 0.345114; 4.119748
458; 217620; 3.755477; 0.359117; 4.114594
459; 74556; 3.752237; 0.311830; 4.064067
460; 1544620; 3.766367; 0.308791; 4.075158
461; 2856000; 3.758796; 0.308066; 4.066862
462; 153648; 3.756188; 0.363574; 4.119762
463; 4297724; 3.746241; 0.325894; 4.072135
464; 427314; 3.754278; 0.321276; 4.075554
465; 463778; 3.825231; 0.338624; 4.163855
466; 2076256; 3.743732; 0.311899; 4.055631
467; 1054900; 3.747572; 0.345404; 4.092976
468; 1995273; 3.771301; 0.342158; 4.113459
469; 291100; 3.827736; 0.320296; 4.148032
470; 203310; 3.753095; 0.331363; 4.084458
471; 4394016; 3.747156; 0.309567; 4.056723
472; 757464; 3.752825; 0.309919; 4.062744
473; 1686608; 3.761168; 0.314378; 4.075546
474; 657552; 3.754786; 0.329952; 4.084738
475; 933632; 3.744994; 0.339115; 4.084109
476; 1847703; 3.740668; 0.335128; 4.075796
477; 2946336; 3.770769; 0.310824; 4.081593
478; 4758000; 3.778854; 0.306193; 4.085047
479; 1789200; 3.756328; 0.344301; 4.100629
480; 1047875; 3.756100; 0.358450; 4.114550
481; 3159440; 3.738338; 0.345053; 4.083391
482; 554450; 3.764705; 0.305744; 4.070449
483; 1264080; 3.755288; 0.342373; 4.097661
484; 767637; 3.755026; 0.319288; 4.074314
485; 4769490; 3.753571; 0.324864; 4.078435
486; 1825152; 3.746804; 0.331669; 4.078473
487; 2594550; 3.742561; 0.357112; 4.099673
488; 3157671; 3.753372; 0.335798; 4.089170
489; 3445662; 3.762597; 0.371550; 4.134147
490; 2431800; 3.743768; 0.318464; 4.062232
491; 491550; 3.751708; 0.337303; 4.089011
492; 353808; 3.767680; 0.306401; 4.074081
493; 3429900; 3.774407; 0.333765; 4.108172
494; 2485434; 3.820612; 0.310600; 4.131212
495; 1251264; 3.762333; 0.356438; 4.118771
496; 232704; 3.747145; 0.307873; 4.055018
497; 2644928; 3.743166; 0.358781; 4.101947
498; 1008216; 3.745503; 0.362521; 4.108024
499; 1365240; 3.828132; 0.310511; 4.138643
500; 1064070; 3.822951; 0.318079; 4.141030
501; 1048040; 3.743391; 0.312888; 4.056279
502; 4330240; 3.816361; 0.371803; 4.188164
503; 3432672; 3.750293; 0.365878; 4.116171
504; 889920; 3.775585; 0.316198; 4.091783
505; 473480; 3.737957; 0.358374; 4.096331
506; 1131624; 3.824678; 0.307918; 4.132596
507; 2618238; 3.762805; 0.368466; 4.131271
508; 1236144; 3.746900; 0.347658; 4.094558
509; 3815145; 3.747857; 0.325893; 4.073750
510; 4027968; 3.752830; 0.331552; 4.084382
511; 2862510; 3.750306; 0.349611; 4.099917
512; 3210000; 3.827913; 0.313600; 4.141513
513; 804384; 3.786937; 0.335418; 4.122355
514; 13320; 3.758223; 0.309384; 4.067607
515; 4479904; 3.744208; 0.305081; 4.049289
516; 1796202; 3.753950; 0.323387; 4.077337
517; 1030285; 3.770005; 0.310106; 4.080111
518; 1120025; 3.759267; 0.349070; 4.108337
519; 1093878; 3.819922; 0.342641; 4.162563
520; 371304; 3.797878; 0.308460; 4.106338
521; 2584200; 3.745663; 0.308415; 4.054078
522; 453730; 3.745864; 0.322955; 4.068819
523; 2301236; 3.759423; 0.315742; 4.075165
524; 1194120; 3.752236; 0.354905; 4.107141
525; 3858360; 3.773480; 0.366996; 4.140476
526; 1508144; 3.747136; 0.321784; 4.068920
527; 1979196; 3.779898; 0.309766; 4.089664
528; 1969978; 3.759310; 0.314648; 4.073958
529; 4702068; 3.744792; 0.327757; 4.072549
530; 2960730; 3.740471; 0.317682; 4.058153
531; 1337600; 3.743143; 0.357953; 4.101096
532; 624800; 3.743488; 0.326933; 4.070421
533; 3759530; 3.767839; 0.325115; 4.092954
534; 2556071; 3.755157; 0.337398; 4.092555
535; 3773850; 3.755108; 0.320978; 4.076086
536; 1675240; 3.745600; 0.310220; 4.055820
537; 2319824; 3.763531; 0.304268; 4.067799
538; 1193292; 3.748791; 0.307710; 4.056501
539; 3009600; 3.751579; 0.355469; 4.107048
540; 3177174; 3.743663; 0.348246; 4.091909
541; 3758400; 3.770123; 0.330369; 4.100492
542; 1906632; 3.843770; 0.309335; 4.153105
543; 240700; 3.845670; 0.358219; 4.203889
544; 2028708; 3.757094; 0.350301; 4.107395
545; 1151478; 3.740485; 0.314164; 4.054649
546; 1622646; 3.774416; 0.323974; 4.098390
547; 594076; 3.758784; 0.309068; 4.067852
548; 1816146; 3.770519; 0.315203; 4.085722
549; 3650230; 3.749266; 0.360999; 4.110265
550; 2689804; 3.758749; 0.323207; 4.081956
551; 2698877; 3.763616; 0.334549; 4.098165
552; 4202100; 3.768471; 0.342092; 4.110563
553; 3259256; 3.741343; 0.327259; 4.068602
554; 2249820; 3.757806; 0.351695; 4.109501
555; 579420; 3.755068; 0.333554; 4.088622
556; 1667040; 3.757614; 0.315133; 4.072747
557; 65880; 3.821731; 0.306347; 4.128078
558; 404320; 3.743706; 0.340383; 4.084089
559; 1820940; 3.766399; 0.316763; 4.083162
560; 1557360; 3.771140; 0.312782; 4.083922
561; 85008; 3.752201; 0.344548; 4.096749
562; 1447974; 3.752537; 0.316973; 4.069510
563; 3511410; 3.744567; 0.307778; 4.052345
564; 199060; 3.750441; 0.363377; 4.113818
565; 1238400; 3.749399; 0.349845; 4.099244
566; 2758800; 3.758550; 0.354479; 4.113029
567; 3128230; 3.749973; 0.356765; 4.106738
568; 1996002; 3.831322; 0.308156; 4.139478
569; 927500; 3.747783; 0.306792; 4.054575
570; 3397944; 3.747883; 0.322211; 4.070094
571; 711360; 3.747306; 0.352198; 4.099504
572; 464100; 3.750373; 0.313589; 4.063962
573; 2080728; 3.747795; 0.305846; 4.053641
574; 4035120; 3.740643; 0.307536; 4.048179
575; 3131088; 3.744786; 0.344948; 4.089734
576; 1681063; 3.751161; 0.326292; 4.077453
577; 1432200; 3.741281; 0.319264; 4.060545
578; 4469024; 3.755992; 0.351054; 4.107046
579; 486360; 3.779904; 0.319052; 4.098956
580; 295120; 3.750110; 0.341141; 4.091251
581; 3104334; 3.751752; 0.334264; 4.086016
582; 2757456; 3.745549; 0.365579; 4.111128
583; 1338568; 3.756797; 0.336566; 4.093363
584; 431340; 3.760509; 0.332070; 4.092579
585; 2026479; 3.831214; 0.324090; 4.155304
586; 280860; 3.763766; 0.345934; 4.109700
587; 225975; 3.746911; 0.351513; 4.098424
588; 4026000; 3.803611; 0.350603; 4.154214
589; 3459120; 3.751229; 0.363950; 4.115179
590; 3910494; 3.803123; 0.338388; 4.141511
591; 2198520; 3.772815; 0.310662; 4.083477
592; 1111851; 3.772062; 0.307973; 4.080035
593; 786900; 3.768545; 0.341441; 4.109986
594; 1122594; 3.814639; 0.309686; 4.124325
595; 131128; 3.770237; 0.318707; 4.088944
596; 2843760; 3.750899; 0.329600; 4.080499
597; 2851140; 3.746390; 0.309118; 4.055508
598; 3534795; 3.750877; 0.314598; 4.065475
599; 2883465; 3.750184; 0.343516; 4.093700
600; 2935500; 3.824138; 0.318439; 4.142577
601; 138684; 3.770773; 0.314135; 4.084908
602; 3114020; 3.741144; 0.332995; 4.074139
603; 643770; 3.750241; 0.350683; 4.100924
604; 170716; 3.751689; 0.325040; 4.076729
605; 214926; 3.745076; 0.336201; 4.081277
606; 2876380; 3.751171; 0.312152; 4.063323
607; 636020; 3.744808; 0.338010; 4.082818
608; 2329340; 3.751034; 0.374155; 4.125189
609; 1310848; 3.745722; 0.367976; 4.113698
610; 722920; 3.758893; 0.359696; 4.118589
611; 3468084; 3.748551; 0.340817; 4.089368
612; 4429800; 3.745751; 0.370713; 4.116464
613; 19656; 3.748326; 0.364342; 4.112668
614; 3952236; 3.751537; 0.311711; 4.063248
615; 4783545; 3.751036; 0.318465; 4.069501
616; 3091902; 3.759374; 0.320316; 4.079690
617; 3552120; 3.743666; 0.353183; 4.096849
618; 1148175; 3.763257; 0.305821; 4.069078
619; 2000008; 3.746336; 0.345869; 4.092205
620; 2869664; 3.758797; 0.365155; 4.123952
621; 34155; 3.749271; 0.321778; 4.071049
622; 1202256; 3.742700; 0.306875; 4.049575
623; 208945; 3.744269; 0.312494; 4.056763
624; 3740594; 3.754749; 0.325955; 4.080704
625; 2634534; 3.772682; 0.313556; 4.086238
626; 162480; 3.755478; 0.307812; 4.063290
627; 4068000; 3.743661; 0.352179; 4.095840
628; 202752; 3.770360; 0.325975; 4.096335
629; 2384592; 3.745756; 0.357350; 4.103106
630; 4508400; 3.743736; 0.312598; 4.056334
631; 4627530; 3.757018; 0.308294; 4.065312
632; 124872; 3.745908; 0.336394; 4.082302
633; 4384017; 3.774269; 0.305271; 4.079540
634; 1537464; 3.798129; 0.318120; 4.116249
635; 1326528; 3.794859; 0.332289; 4.127148
636; 950300; 3.751766; 0.361661; 4.113427
637; 910450; 3.781419; 0.317371; 4.098790
638; 337550; 3.742783; 0.349346; 4.092129
639; 4695150; 3.777450; 0.306699; 4.084149
640; 3043908; 3.759166; 0.315489; 4.074655
641; 940992; 3.762069; 0.309259; 4.071328
642; 1288185; 3.755879; 0.308450; 4.064329
643; 2641320; 3.742504; 0.341026; 4.083530
644; 3409938; 3.747400; 0.366860; 4.114260
645; 4911555; 3.756434; 0.357234; 4.113668
646; 1916904; 3.747054; 0.310424; 4.057478
647; 181566; 3.749248; 0.306853; 4.056101
648; 2756920; 3.820373; 0.359377; 4.179750
649; 1718640; 3.744306; 0.311189; 4.055495
650; 1724184; 3.824228; 0.357325; 4.181553
651; 2234400; 3.824510; 0.309016; 4.133526
652; 2089530; 3.744965; 0.364455; 4.109420
653; 2202945; 3.744819; 0.367846; 4.112665
654; 2815200; 3.748823; 0.324188; 4.073011
655; 4752176; 3.745128; 0.306453; 4.051581
656; 236985; 3.748393; 0.312332; 4.060725
657; 1618680; 3.753785; 0.319499; 4.073284
658; 255126; 3.811310; 0.317376; 4.128686
659; 1136020; 3.741397; 0.323627; 4.065024
660; 258020; 3.761558; 0.313278; 4.074836
661; 1747830; 3.774220; 0.307814; 4.082034
662; 1349180; 3.781389; 0.350085; 4.131474
663; 1488860; 3.742672; 0.320533; 4.063205
664; 1200420; 3.781248; 0.306804; 4.088052
665; 83868; 3.751837; 0.367999; 4.119836
666; 4237779; 3.757658; 0.339968; 4.097626
667; 950796; 3.746630; 0.315524; 4.062154
668; 2921100; 3.743630; 0.306218; 4.049848
669; 1028850; 3.763017; 0.307579; 4.070596
670; 1472856; 3.768775; 0.326441; 4.095216
671; 1236336; 3.792674; 0.346072; 4.138746
672; 3885732; 3.833714; 0.356203; 4.189917
673; 4940000; 3.767103; 0.326422; 4.093525
674; 619200; 3.741095; 0.356758; 4.097853
675; 3913140; 3.747484; 0.359074; 4.106558
676; 3139390; 3.751644; 0.307146; 4.058790
677; 3077088; 3.772443; 0.363006; 4.135449
678; 4745250; 3.785948; 0.307175; 4.093123
679; 1257660; 3.745226; 0.326319; 4.071545
680; 2502864; 3.755330; 0.348677; 4.104007
681; 3788400; 3.744423; 0.351450; 4.095873
682; 4426800; 3.755890; 0.337795; 4.093685
683; 2487933; 3.755210; 0.343970; 4.099180
684; 295500; 3.748563; 0.323038; 4.071601
685; 740520; 3.756597; 0.364575; 4.121172
686; 1950975; 3.773640; 0.315516; 4.089156
687; 1536720; 3.752435; 0.347980; 4.100415
688; 1345536; 3.744699; 0.316883; 4.061582
689; 787248; 3.740891; 0.345466; 4.086357
690; 1626966; 3.751232; 0.373093; 4.124325
691; 1880200; 3.754108; 0.309483; 4.063591
692; 4639260; 3.744092; 0.327712; 4.071804
693; 1158720; 3.770834; 0.333331; 4.104165
694; 3588368; 3.751509; 0.311574; 4.063083
695; 43680; 3.781813; 0.305078; 4.086891
696; 1797159; 3.771288; 0.324718; 4.096006
697; 3290460; 3.745108; 0.358081; 4.103189
698; 547452; 3.818457; 0.359979; 4.178436
699; 2663424; 3.750842; 0.318623; 4.069465
700; 2093325; 3.767750; 0.319601; 4.087351
701; 2201500; 3.770157; 0.311988; 4.082145
702; 3977424; 3.761596; 0.317878; 4.079474
703; 1596966; 3.739205; 0.348216; 4.087421
704; 1594175; 3.764439; 0.341463; 4.105902
705; 56875; 3.747457; 0.309184; 4.056641
706; 3661600; 3.749936; 0.322069; 4.072005
707; 1898130; 3.761692; 0.313352; 4.075044
708; 2316600; 3.739959; 0.324935; 4.064894
709; 652725; 3.767250; 0.346274; 4.113524
710; 3579615; 3.771986; 0.321466; 4.093452
711; 102037; 3.756881; 0.357650; 4.114531
712; 388410; 3.754512; 0.348177; 4.102689
713; 3253250; 3.770519; 0.329519; 4.100038
714; 2503972; 3.749313; 0.320416; 4.069729
715; 1377306; 3.747440; 0.312741; 4.060181
716; 2918496; 3.752725; 0.306126; 4.058851
717; 3337335; 3.754804; 0.329993; 4.084797
718; 3466974; 3.798560; 0.309148; 4.107708
719; 1048176; 3.772364; 0.310834; 4.083198
720; 4738230; 3.746378; 0.320036; 4.066414
721; 1494396; 3.767603; 0.313668; 4.081271
722; 1409760; 3.764686; 0.308822; 4.073508
723; 3269038; 3.755851; 0.352222; 4.108073
724; 1636404; 3.775170; 0.323571; 4.098741
725; 2109744; 3.752076; 0.357348; 4.109424
726; 3037104; 3.748787; 0.316202; 4.064989
727; 1201905; 3.768159; 0.337435; 4.105594
728; 1461320; 3.817465; 0.355206; 4.172671
729; 1351280; 3.759499; 0.307782; 4.067281
730; 85440; 3.780602; 0.355346; 4.135948
731; 3919350; 3.757381; 0.351178; 4.108559
732; 1208880; 3.754574; 0.322287; 4.076861
733; 719712; 3.750601; 0.331986; 4.082587
734; 4574416; 3.749045; 0.369814; 4.118859
735; 119232; 3.749608; 0.351201; 4.100809
736; 3846092; 3.756599; 0.360159; 4.116758
737; 791584; 3.780708; 0.363728; 4.144436
738; 2858752; 3.764656; 0.321157; 4.085813
739; 3721216; 3.759201; 0.327648; 4.086849
740; 1029375; 3.743999; 0.314838; 4.058837
741; 4500846; 3.742521; 0.316678; 4.059199
742; 410256; 3.766534; 0.310897; 4.077431
743; 2599968; 3.749900; 0.326646; 4.076546
744; 1754900; 3.752573; 0.307207; 4.059780
745; 924453; 3.751522; 0.323785; 4.075307
746; 101530; 3.751004; 0.305575; 4.056579
747; 2540574; 3.756134; 0.323857; 4.079991
748; 1445300; 3.746703; 0.337216; 4.083919
749; 3996465; 3.824128; 0.325835; 4.149963
750; 7920; 3.787169; 0.359980; 4.147149
751; 1455300; 3.755707; 0.314272; 4.069979
752; 389576; 3.751310; 0.305152; 4.056462
753; 4170540; 3.752672; 0.343487; 4.096159
754; 192700; 3.756569; 0.313032; 4.069601
755; 3497760; 3.751283; 0.353329; 4.104612
756; 3919104; 3.746905; 0.341844; 4.088749
757; 351286; 3.762547; 0.325478; 4.088025
758; 71540; 3.773828; 0.348585; 4.122413
759; 3802120; 3.757948; 0.364512; 4.122460
760; 2626; 3.791870; 0.321761; 4.113631
761; 448944; 3.767806; 0.311307; 4.079113
762; 384888; 3.754680; 0.337985; 4.092665
763; 1507778; 3.741517; 0.331054; 4.072571
764; 491040; 3.764862; 0.355360; 4.120222
765; 1469608; 3.751472; 0.308366; 4.059838
766; 4310550; 3.760306; 0.334154; 4.094460
767; 3259464; 3.744987; 0.340183; 4.085170
768; 1964214; 3.746497; 0.306587; 4.053084
769; 2984124; 3.751202; 0.351145; 4.102347
770; 2540400; 3.752584; 0.313157; 4.065741
771; 1073856; 3.749477; 0.329344; 4.078821
772; 1532574; 3.756329; 0.308943; 4.065272
773; 619920; 3.754062; 0.311432; 4.065494
774; 2552000; 3.743875; 0.364990; 4.108865
775; 3051684; 3.761796; 0.311743; 4.073539
776; 1140560; 3.768893; 0.355788; 4.124681
777; 2582213; 3.762318; 0.329391; 4.091709
778; 2485320; 3.776862; 0.353184; 4.130046
779; 4050144; 3.752034; 0.310727; 4.062761
780; 1348872; 3.747090; 0.320372; 4.067462
781; 2070800; 3.747960; 0.311606; 4.059566
782; 4634064; 3.758917; 0.309872; 4.068789
783; 553800; 3.741561; 0.339241; 4.080802
784; 2375000; 3.800125; 0.351704; 4.151829
785; 2051985; 3.865249; 0.394549; 4.259798
786; 1948200; 3.689495; 0.318200; 4.007695
787; 353322; 3.756400; 0.311630; 4.068030
788; 3677184; 3.759394; 0.324283; 4.083677
789; 2827656; 3.822723; 0.329110; 4.151833
790; 2157750; 3.751422; 0.340072; 4.091494
791; 2227072; 3.754397; 0.308549; 4.062946
792; 1700595; 3.812971; 0.324711; 4.137682
793; 4466880; 3.789045; 0.379306; 4.168351
794; 2756160; 3.758943; 0.312460; 4.071403
795; 1246200; 3.819476; 0.309246; 4.128722
796; 127776; 3.811671; 0.336927; 4.148598
797; 3357508; 3.767775; 0.304149; 4.071924
798; 104148; 3.745805; 0.330595; 4.076400
799; 2740608; 3.758009; 0.361916; 4.119925
800; 632244; 3.741880; 0.332905; 4.074785
801; 150672; 3.764291; 0.336534; 4.100825
802; 1466362; 3.764196; 0.316382; 4.080578
803; 210528; 3.750963; 0.338988; 4.089951
804; 2741544; 3.747932; 0.350456; 4.098388
805; 1424647; 3.755745; 0.303748; 4.059493
806; 20590; 3.763681; 0.337767; 4.101448
807; 3924900; 3.743959; 0.318856; 4.062815
808; 2010960; 3.744376; 0.368080; 4.112456
809; 1674768; 3.757122; 0.309185; 4.066307
810; 524610; 3.744444; 0.349806; 4.094250
811; 612612; 3.743947; 0.349367; 4.093314
812; 313280; 3.779061; 0.311978; 4.091039
813; 1609335; 3.747186; 0.309064; 4.056250
814; 1546220; 3.778447; 0.322088; 4.100535
815; 4139520; 3.826596; 0.310042; 4.136638
816; 2309952; 3.758357; 0.339704; 4.098061
817; 3304290; 3.745223; 0.369528; 4.114751
818; 4232250; 3.748504; 0.308194; 4.056698
819; 1837992; 3.746207; 0.348807; 4.095014
820; 549120; 3.825929; 0.314653; 4.140582
821; 4617756; 3.749817; 0.347597; 4.097414
822; 543780; 3.749564; 0.367886; 4.117450
823; 3491280; 3.746250; 0.308037; 4.054287
824; 4181814; 3.744026; 0.325630; 4.069656
825; 3943755; 3.745538; 0.310653; 4.056191
826; 630336; 3.769068; 0.352814; 4.121882
827; 188416; 3.742308; 0.309202; 4.051510
828; 231660; 3.758028; 0.325896; 4.083924
829; 3082100; 3.828295; 0.342886; 4.171181
830; 1285470; 3.768250; 0.334946; 4.103196
831; 476820; 3.756279; 0.308885; 4.065164
832; 2407319; 3.761827; 0.320984; 4.082811
833; 182532; 3.759428; 0.343202; 4.102630
834; 4428288; 3.747523; 0.333140; 4.080663
835; 4337970; 3.769142; 0.305776; 4.074918
836; 885577; 3.750222; 0.342235; 4.092457
837; 2119656; 3.748664; 0.326077; 4.074741
838; 1847040; 3.847109; 0.308832; 4.155941
839; 3452400; 3.787113; 0.363796; 4.150909
840; 481572; 3.755583; 0.315776; 4.071359
841; 1224356; 3.810017; 0.328777; 4.138794
842; 2875080; 3.748385; 0.365775; 4.114160
843; 147264; 3.752032; 0.310267; 4.062299
844; 2520556; 3.745328; 0.344927; 4.090255
845; 4746906; 3.749382; 0.302782; 4.052164
846; 4753000; 3.747536; 0.316427; 4.063963
847; 454510; 3.760379; 0.311886; 4.072265
848; 4445316; 3.757684; 0.310698; 4.068382
849; 4134130; 3.753274; 0.332891; 4.086165
850; 906832; 3.761160; 0.368853; 4.130013
851; 3643200; 3.758131; 0.300626; 4.058757
852; 1762992; 3.745208; 0.332929; 4.078137
853; 879120; 3.755255; 0.336455; 4.091710
854; 120384; 3.819581; 0.368978; 4.188559
855; 157846; 3.755956; 0.311286; 4.067242
856; 2529280; 3.745917; 0.316177; 4.062094
857; 1750620; 3.831368; 0.309931; 4.141299
858; 3392523; 3.746919; 0.320527; 4.067446
859; 1317624; 3.754972; 0.362664; 4.117636
860; 4221420; 3.744052; 0.367434; 4.111486
861; 2706436; 3.765143; 0.302414; 4.067557
862; 1944810; 3.747337; 0.352602; 4.099939
863; 405768; 3.750308; 0.356253; 4.106561
864; 3862404; 3.751957; 0.309620; 4.061577
865; 1805540; 3.771778; 0.352175; 4.123953
866; 706800; 3.777461; 0.374809; 4.152270
867; 1564129; 3.822998; 0.361864; 4.184862
868; 866400; 3.744390; 0.322339; 4.066729
869; 1175328; 3.768811; 0.311799; 4.080610
870; 666120; 3.755680; 0.325708; 4.081388
871; 2239440; 3.765335; 0.298357; 4.063692
872; 2119390; 3.739773; 0.327757; 4.067530
873; 3352536; 3.763204; 0.309452; 4.072656
874; 4284000; 3.744025; 0.334402; 4.078427
875; 2644992; 3.753121; 0.367984; 4.121105
876; 2888487; 3.759653; 0.374121; 4.133774
877; 1829310; 3.750870; 0.351091; 4.101961
878; 1504188; 3.781697; 0.370966; 4.152663
879; 145136; 3.755670; 0.299287; 4.054957
880; 1589616; 3.765933; 0.329565; 4.095498
881; 4801888; 3.751764; 0.320994; 4.072758
882; 461160; 3.769514; 0.327667; 4.097181
883; 2690100; 3.750515; 0.361770; 4.112285
884; 807700; 3.761575; 0.362895; 4.124470
885; 3816540; 3.748218; 0.315621; 4.063839
886; 4129972; 3.747854; 0.333837; 4.081691
887; 4866147; 3.771898; 0.306723; 4.078621
888; 2149056; 3.750755; 0.315451; 4.066206
889; 972710; 3.743423; 0.307021; 4.050444
890; 534928; 3.767004; 0.319825; 4.086829
891; 1666632; 3.743127; 0.308352; 4.051479
892; 946960; 3.760105; 0.330964; 4.091069
893; 1149792; 3.747350; 0.324087; 4.071437
894; 4362666; 3.746969; 0.338695; 4.085664
895; 1653456; 3.743487; 0.317363; 4.060850
896; 18756; 3.766638; 0.306199; 4.072837
897; 2883600; 3.741672; 0.360373; 4.102045
898; 4050750; 3.768003; 0.308463; 4.076466
899; 1089588; 3.753289; 0.313628; 4.066917
900; 1904140; 3.751568; 0.317823; 4.069391
901; 1624896; 3.799249; 0.325468; 4.124717
902; 3112200; 3.747812; 0.362219; 4.110031
903; 4691100; 3.753305; 0.327506; 4.080811
904; 2659320; 3.760694; 0.367956; 4.128650
905; 1766784; 3.753925; 0.370693; 4.124618
906; 592200; 3.747056; 0.323710; 4.070766
907; 2487632; 3.752921; 0.314091; 4.067012
908; 4798464; 3.750104; 0.327109; 4.077213
909; 1785696; 3.746364; 0.331219; 4.077583
910; 1515668; 3.747880; 0.363924; 4.111804
911; 4908200; 3.755329; 0.310758; 4.066087
912; 3261426; 3.750304; 0.343659; 4.093963
913; 3692880; 3.756660; 0.312513; 4.069173
914; 4839345; 3.743397; 0.353056; 4.096453
915; 3318384; 3.751540; 0.363813; 4.115353
916; 1330254; 3.767678; 0.307549; 4.075227
917; 2700432; 3.768051; 0.339451; 4.107502
918; 80550; 3.741991; 0.319946; 4.061937
919; 530512; 3.752959; 0.337188; 4.090147
920; 4248975; 3.771690; 0.304001; 4.075691
921; 534492; 3.746426; 0.310160; 4.056586
922; 3124466; 3.745086; 0.309153; 4.054239
923; 4499866; 3.748536; 0.305185; 4.053721
924; 2543700; 3.751202; 0.336609; 4.087811
925; 696960; 3.749968; 0.350860; 4.100828
926; 1585512; 3.749622; 0.314977; 4.064599
927; 2534727; 3.744923; 0.306916; 4.051839
928; 3302600; 3.745535; 0.343529; 4.089064
929; 2688000; 3.757697; 0.356105; 4.113802
930; 2924766; 3.773033; 0.355925; 4.128958
931; 2741640; 3.759895; 0.315129; 4.075024
932; 292235; 3.747241; 0.364245; 4.111486
933; 2242048; 3.784380; 0.297108; 4.081488
934; 744012; 3.826597; 0.346842; 4.173439
935; 124476; 3.752499; 0.369592; 4.122091
936; 1759296; 3.747681; 0.351552; 4.099233
937; 3445722; 3.739168; 0.310520; 4.049688
938; 4851000; 3.768922; 0.304021; 4.072943
939; 3494400; 3.811898; 0.337519; 4.149417
940; 3241929; 3.750155; 0.320197; 4.070352
941; 4559264; 3.755378; 0.323167; 4.078545
942; 3184410; 3.749125; 0.339298; 4.088423
943; 4639284; 3.784806; 0.320124; 4.104930
944; 4028496; 3.758677; 0.350021; 4.108698
945; 1379400; 3.761355; 0.323471; 4.084826
946; 925160; 3.754289; 0.325549; 4.079838
947; 2215328; 3.749842; 0.370190; 4.120032
948; 4708620; 3.746084; 0.341921; 4.088005
949; 2548680; 3.748662; 0.324136; 4.072798
950; 1706364; 3.745268; 0.353885; 4.099153
951; 4646763; 3.749281; 0.310044; 4.059325
952; 1836120; 3.738106; 0.357356; 4.095462
953; 909150; 3.741928; 0.321754; 4.063682
954; 2012670; 3.745838; 0.346407; 4.092245
955; 1692152; 3.764401; 0.366416; 4.130817
956; 1347840; 3.761989; 0.355267; 4.117256
957; 3085740; 3.741035; 0.359346; 4.100381
958; 2339376; 3.749347; 0.361564; 4.110911
959; 4930576; 3.746399; 0.322317; 4.068716
960; 961950; 3.742647; 0.341292; 4.083939
961; 543375; 3.744638; 0.325185; 4.069823
962; 1896882; 3.764897; 0.341205; 4.106102
963; 2095392; 3.774965; 0.315657; 4.090622
964; 3980275; 3.752626; 0.343956; 4.096582
965; 2279760; 3.763267; 0.311963; 4.075230
966; 525393; 3.746287; 0.310578; 4.056865
967; 2208154; 3.746167; 0.345269; 4.091436
968; 2847312; 3.746680; 0.332964; 4.079644
969; 727608; 3.746137; 0.309752; 4.055889
970; 1855567; 3.767257; 0.353035; 4.120292
971; 1694000; 3.763219; 0.310223; 4.073442
972; 2840960; 3.769252; 0.343095; 4.112347
973; 2814240; 3.753364; 0.352266; 4.105630
974; 4270080; 3.756772; 0.326503; 4.083275
975; 561618; 3.753870; 0.314842; 4.068712
976; 180747; 3.782194; 0.308897; 4.091091
977; 3448348; 3.819037; 0.310656; 4.129693
978; 2079440; 3.751415; 0.337964; 4.089379
979; 3020976; 3.746233; 0.355789; 4.102022
980; 3538640; 3.779637; 0.307870; 4.087507
981; 1243317; 3.755867; 0.308932; 4.064799
982; 4936820; 3.741492; 0.366913; 4.108405
983; 1552559; 3.756901; 0.342748; 4.099649
984; 4391244; 3.752361; 0.350563; 4.102924
985; 2949960; 3.757375; 0.311573; 4.068948
986; 578886; 3.752134; 0.299200; 4.051334
987; 1468320; 3.750143; 0.342740; 4.092883
988; 217856; 3.761092; 0.364425; 4.125517
989; 1675440; 3.756244; 0.310013; 4.066257
990; 2434660; 3.745976; 0.367711; 4.113687
991; 1566459; 3.759510; 0.373701; 4.133211
992; 4260864; 3.754101; 0.326740; 4.080841
993; 1989792; 3.751092; 0.310643; 4.061735
994; 1281696; 3.744410; 0.325423; 4.069833
995; 889380; 3.773523; 0.361535; 4.135058
996; 4333068; 3.747947; 0.342472; 4.090419
997; 2632500; 3.761055; 0.308030; 4.069085
998; 2867280; 3.742927; 0.331295; 4.074222
999; 3237850; 3.765121; 0.343670; 4.108791
1000; 2664228; 3.750501; 0.323378; 4.073879
