  6.5558237e+000  3.2335553e-001
  7.1980155e+000  1.1040805e+000
  8.1102022e+000  1.3866188e+000
  9.2355606e+000  1.2755563e-001
  1.6781169e+000  5.4022280e+000
  3.9267746e-001  9.3322911e+000
  3.6092802e+000  6.4420540e+000
  2.0791200e+000  3.9603847e-001
  1.5009672e+000  9.9130692e+000
  9.5537210e+000  7.2424703e+000
  5.4025791e+000  7.0544119e+000
  7.8251578e+000  9.2685957e+000
  8.2462834e+000  7.6733587e+000
  2.2765307e+000  9.1954221e+000
  1.0532018e+000  2.6816091e+000
  8.0551016e+000  1.0425300e+000
  2.1906189e+000  9.2270791e+000
  8.5754381e+000  2.5984667e+000
  1.8826762e+000  7.5919384e+000
  6.4233916e+000  5.6687091e+000
  2.1254838e+000  7.9215684e+000
  4.8914245e+000  1.2845747e-001
  4.8523046e+000  8.3822608e+000
  7.3221699e+000  6.9106692e+000
  4.8885726e+000  9.7139041e+000
  7.4321377e+000  6.3854137e+000
  4.9862251e+000  5.6785266e+000
  7.6239442e-001  2.9058665e+000
  6.3333347e+000  9.3077586e+000
  9.3596546e-001  6.6173494e+000
  4.7381786e+000  3.5625634e+000
  6.7102202e+000  9.5964520e+000
  7.9774246e+000  5.9077575e+000
  1.0112932e+000  2.9329464e+000
  5.0412818e+000  7.6837575e+000
  2.2536025e+000  3.3128964e+000
  7.3738464e+000  5.0988565e+000
  9.0548322e+000  9.6525775e+000
  1.3203117e+000  6.1830178e+000
  9.9119375e+000  2.8682728e+000
  5.3520590e+000  1.9321104e+000
  5.0455003e-001  1.8443412e+000
  8.8504150e+000  8.3979439e+000
  4.1041485e+000  1.2022859e+000
  9.4939013e+000  2.5638516e+000
  3.4980804e+000  2.0852237e+000
  9.7334471e+000  6.2269982e+000
  3.7350953e+000  1.6625154e+000
  5.2208633e-001  9.0175632e+000
  3.7301432e+000  8.3205471e+000
  6.2186310e+000  3.9409318e+000
  8.8852461e-001  3.4167700e+000
  4.6054746e+000  6.4545237e+000
  8.1442647e+000  9.7183206e-001
  5.8981749e+000  1.8717207e+000
  5.1941981e-001  5.7572695e+000
  4.9972597e+000  4.3902489e+000
  2.8279451e-001  7.5666979e+000
  2.9355559e+000  1.1520675e+000
  8.2889375e+000  8.4177658e+000
  9.6013998e+000  9.4311789e+000
  6.4828745e+000  4.8080405e+000
  8.9777123e+000  4.9723013e+000
  6.0362229e-001  2.6245746e+000
  1.3360391e+000  6.3854574e+000
  7.6569813e+000  6.5291568e+000
  3.0001858e+000  3.4013956e+000
  4.5626681e+000  4.4249695e+000
  9.4528201e+000  2.1911895e+000
  1.9875423e-001  3.4176488e+000
  3.4280370e+000  6.1880640e+000
  1.0162603e-001  5.9908117e+000
  6.4941745e+000  3.4272063e+000
  7.0177395e+000  8.8780260e+000
  9.8361951e-001  6.4978279e+000
  9.8795894e+000  1.2532479e+000
  6.7623009e+000  3.7575817e+000
  2.9197675e+000  1.3347499e+000
  2.0258498e+000  8.6851520e+000
  4.1937965e+000  2.3106520e-003
  2.7383430e+000  8.7242502e+000
  3.2118845e+000  2.8429307e+000
  9.0375905e+000  9.2510564e+000
  6.2758181e+000  7.1926393e+000
  5.7493250e+000  4.6534464e-001
  4.6773426e+000  2.2627987e-001
  9.2395634e+000  5.3414286e+000
  3.6394618e+000  1.5137367e+000
  3.5080209e+000  3.3596610e+000
  4.8673921e+000  4.6479801e+000
  8.8639147e+000  6.7455743e+000
  6.5648793e+000  9.8391698e+000
  2.5015301e+000  6.2457070e+000
  4.9817032e+000  8.4982829e+000
  1.2414379e+000  2.7904213e-002
  5.3416082e+000  5.1063361e+000
  3.1059645e+000  3.5554475e-002
  6.3841846e+000  4.4833938e+000
  8.0338509e+000  8.2397089e+000
  4.6725176e+000  9.7069897e+000
