  1.4605209e+000  9.3107299e+000  4.2194807e+000  5.6498737e-001  6.7420044e+000  2.7980873e+000  7.8008704e+000  9.6284122e+000
  4.9842256e+000  9.9032460e-001  2.8775125e+000  5.3811228e+000  1.1330051e-001  2.8284348e+000  5.8957129e+000  1.7204811e+000
  6.7634279e+000  5.6959443e+000  5.5167050e+000  9.6744098e+000  6.2842190e+000  3.2454972e+000  5.2101569e+000  8.6493668e+000
  8.3848823e+000  3.4739715e+000  7.4940988e+000  9.3941283e+000  6.6808184e+000  4.8120272e+000  2.8616308e+000  5.9515581e+000
  9.5955057e+000  4.4207502e+000  9.6199621e+000  6.7638362e+000  7.0607784e+000  9.5769275e+000  9.3987694e+000  8.3375753e+000
  8.3043217e+000  4.6414032e+000  2.9868843e+000  5.2330532e+000  8.3163044e+000  5.3913235e+000  2.5983186e+000  3.5403843e+000
  3.5065673e+000  1.8971854e+000  8.3569094e+000  3.8415096e+000  9.4997224e-002  3.0902470e+000  8.3674723e+000  2.8133682e+000
  5.3151425e+000  1.5391452e+000  5.2525368e+000  2.8323979e+000  7.1486611e+000  7.3438928e+000  4.4963584e+000  1.8207743e+000
  2.7277161e+000  6.3564351e+000  8.0618792e+000  6.6787732e+000  2.8658915e+000  1.4244156e+000  2.4587524e+000  6.9189701e+000
  4.9866088e+000  9.8599778e+000  9.0490065e+000  5.7520770e+000  7.6651727e+000  7.4676745e+000  6.9533141e+000  6.7731725e+000
  5.8186798e+000  6.1887229e+000  8.1423992e+000  1.5987060e-001  2.1435260e+000  9.8786736e+000  8.1733725e+000  6.3208171e+000
  8.0821682e+000  2.7966214e+000  6.6496927e+000  2.9324112e-001  5.4438015e+000  5.2897025e+000  8.7316428e+000  1.8760830e+000
  9.7635228e+000  3.3120443e+000  6.2370923e+000  5.2706072e+000  4.5908152e+000  3.5856563e+000  3.3426955e+000  8.3195250e-001
  2.3934395e+000  4.8627199e+000  7.0009360e+000  1.3727033e+000  8.2646734e+000  9.3005322e+000  8.2873051e+000  4.8495276e+000
  4.5640108e+000  4.1846205e+000  3.4296262e-001  9.2684755e+000  4.3380056e-001  4.7606010e+000  3.8574773e+000  5.3405833e+000
  9.0247419e+000  1.4755498e-001  7.8051493e+000  4.8528945e+000  3.9021976e+000  8.2309010e+000  8.7441754e+000  9.9835603e+000
  8.6996892e+000  3.0749162e+000  4.1123645e+000  8.1634020e+000  3.6825475e+000  4.2621543e+000  9.1216810e-001  6.6749818e+000
  3.0081841e+000  3.3799721e+000  7.3432236e+000  9.8545662e+000  6.9877101e+000  8.9931813e-001  4.7073753e+000  6.3536289e+000
  1.4133944e+000  2.7551548e+000  9.8710273e+000  7.9499831e+000  9.3333491e+000  3.4837256e+000  2.0913348e+000  6.8036551e+000
  4.3837315e+000  9.0877818e+000  8.3358996e+000  3.9138382e+000  7.3397910e+000  2.9066004e+000  2.9213664e+000  2.9679628e+000
  9.1784181e+000  6.8603012e+000  2.3427786e+000  4.9735264e+000  7.9058155e+000  3.8023262e+000  2.1858341e+000  7.2266528e+000
  6.9328266e+000  6.1967479e+000  7.6230304e+000  5.1148030e+000  3.2940547e+000  1.3440615e-002  5.8064405e+000  1.7183807e+000
  1.5032151e+000  5.0541973e+000  1.7386925e-001  4.7120795e+000  4.6077494e-001  4.4226525e+000  1.6355919e+000  5.7209996e+000
  8.5341981e-001  2.3283609e+000  2.4604603e+000  3.5193421e+000  4.0908409e+000  1.1424311e+000  4.0721477e+000  6.7593071e+000
  3.5712962e+000  6.6159273e+000  6.7870279e+000  1.3156018e+000  4.3961961e+000  9.3719558e+000  5.7022386e+000  5.7763929e+000
  2.4695167e+000  6.9385543e+000  2.9486291e+000  5.7070053e+000  6.3480417e+000  3.9889120e+000  2.4888369e+000  9.3533238e+000
  5.3178402e+000  6.3483855e+000  6.6812036e+000  4.3901319e+000  1.7298936e+000  6.9438424e+000  9.2492621e+000  3.7060594e+000
  8.8967909e+000  4.8294233e+000  6.2981787e+000  4.6501749e+000  1.0917286e+000  1.1311638e+000  1.0789231e+000  4.4573096e+000
  6.3381398e+000  9.2966935e+000  6.2876256e-001  3.0693891e+000  9.4976450e+000  1.0364379e-001  1.6782771e+000  7.5527245e+000
  6.0586044e+000  5.1791717e+000  9.4285760e+000  7.4120640e+000  7.0107887e+000  7.4471815e+000  8.7382577e+000  9.6412060e+000
  9.1863283e+000  2.8348037e+000  5.8625575e-001  8.2099455e+000  1.7952224e+000  3.4931272e-001  7.7132671e+000  5.4052612e+000
  5.7821661e+000  8.5450742e+000  6.4237508e+000  4.2010353e+000  5.4591289e+000  1.8229773e+000  2.3627423e+000  2.0541367e+000
  9.4263241e+000  6.4157036e+000  8.2906337e+000  3.8876219e+000  1.6841222e+000  7.4011774e+000  8.7279585e+000  3.5552498e+000
  9.9642361e+000  9.5912756e+000  1.5599624e+000  9.2893567e+000  4.2457419e+000  2.2308395e+000  1.3639509e+000  2.6017565e+000
  8.2208392e-001  5.9812731e+000  2.9186178e-001  4.5490890e+000  3.3249868e+000  9.4367283e+000  3.0310182e+000  4.2822434e+000
  3.8108801e+000  1.3617061e+000  9.6626623e-001  3.0516164e+000  8.2388365e+000  6.2725287e+000  2.0593276e+000  9.8018546e+000
  8.3519577e+000  5.3918045e+000  2.5126933e-001  6.8242791e-002  7.8608624e+000  4.4739286e+000  2.8873745e+000  8.6318026e+000
  2.8469363e+000  6.4456622e+000  2.6358118e+000  1.7477866e+000  3.6861950e+000  5.3754222e+000  9.2640716e+000  7.4912073e+000
  2.8877451e-002  1.2701389e+000  9.1692135e+000  6.7212171e+000  1.1378981e+000  9.6022749e+000  1.1938312e+000  4.9241570e+000
  4.7000049e+000  5.8779769e-001  3.3001170e+000  2.6452048e+000  2.4591767e+000  9.4767636e+000  3.2441995e-001  9.0615063e+000
  6.6254037e+000  9.5362463e+000  9.4128457e-001  6.8531562e+000  4.1244048e+000  1.1178872e+000  4.9183506e+000  4.6155238e+000
  6.6023918e+000  2.7796484e+000  6.5716822e+000  6.4541495e+000  8.9722374e+000  8.8233656e+000  3.3517243e+000  4.2700193e+000
  9.2309420e+000  8.6672384e+000  4.9965027e+000  5.8448304e+000  9.2475700e+000  1.6611690e+000  3.7436014e+000  2.5940803e+000
  7.0176687e-001  2.8103028e+000  5.5504484e+000  6.1896688e+000  4.0978709e+000  2.5842845e+000  4.1674616e+000  3.8205554e+000
  1.3128422e+000  6.0989827e+000  6.5619373e+000  8.4099531e+000  4.9981788e+000  3.0719808e+000  1.6976392e+000  4.8765393e-001
  3.6697108e+000  5.6784638e+000  5.6971541e+000  7.7877648e+000  5.9024155e+000  1.1066346e+000  6.4067794e+000  7.2019326e-001
  2.8730306e+000  7.4143810e+000  6.6987431e-001  7.5716596e+000  2.4071303e+000  2.3090984e+000  1.1988382e-001  1.3247463e+000
  2.1418272e+000  9.0579437e+000  2.7777250e+000  9.7101989e-001  7.8282153e+000  6.6752094e+000  6.1267255e+000  3.4379242e+000
  2.3355897e+000  3.0802943e+000  3.5730071e+000  2.1669793e+000  6.7728000e+000  7.3601471e+000  1.0018571e-001  3.5591431e+000
  9.2760873e+000  7.6298682e+000  3.7938710e+000  6.8595628e+000  6.9887267e+000  5.9039824e+000  9.6205554e+000  7.8134565e+000
  9.4138251e-001  8.8600869e+000  2.5749513e+000  4.6350687e+000  3.3079827e+000  7.5677339e+000  8.0284934e+000  8.0311769e+000
  8.7474068e-001  6.6791362e+000  5.0242197e+000  3.3556204e+000  5.8856147e+000  3.5193259e+000  2.0671765e+000  2.6215455e+000
  1.5006319e+000  3.2101934e+000  5.9438946e+000  1.5373806e+000  6.2625599e-001  7.7822301e-002  7.7426013e+000  6.8204502e+000
  7.1925340e+000  1.6185410e+000  1.2016015e+000  6.8115211e+000  1.4482666e+000  5.7827752e-001  1.3494200e+000  1.4780439e-001
  7.0862118e-001  3.7859751e-001  3.0787021e+000  5.1573555e+000  3.9351074e+000  9.9519551e+000  4.3959998e+000  1.5143965e+000
  7.4117346e+000  8.7643722e-001  4.7042571e+000  2.9282961e+000  4.0685058e+000  4.3023725e+000  8.7126214e+000  7.0725014e+000
  2.4583708e-001  2.3699425e+000  5.9826544e+000  9.2619815e+000  3.3441349e+000  4.4303294e+000  9.9138057e-001  7.1515121e+000
  7.8247095e+000  9.4204510e+000  4.7568477e-001  8.0035039e+000  4.6678841e+000  2.7913985e+000  4.4721082e-001  7.8755097e+000
  7.7568390e+000  8.3745024e+000  3.4442071e+000  1.9119260e+000  3.7843892e+000  2.5633384e+000  2.1463240e-001  2.9327878e+000
  2.0258901e+000  3.4822078e+000  5.3714960e+000  1.2431427e+000  1.9273831e+000  4.8861954e+000  4.0701040e+000  7.3491884e+000
  8.0713614e+000  9.1366452e+000  7.6510804e+000  3.3421170e+000  7.1933793e+000  3.3593165e-001  6.1562390e+000  1.1218487e+000
  5.5210249e-001  2.6219597e-001  9.5543558e+000  5.2521380e+000  7.5625402e+000  5.8981832e+000  7.3890563e+000  3.1941700e+000
  4.9364682e+000  1.1483528e+000  8.1227238e+000  6.6682916e+000  3.8178308e+000  7.1880896e+000  4.1862789e+000  5.5932709e-001
  2.9882772e+000  4.0956258e+000  5.8608971e+000  3.1562156e+000  1.4735845e+000  9.9152928e+000  1.0749324e+000  3.3425683e+000
  9.2240660e+000  3.7314177e+000  9.8916072e+000  5.4345603e+000  5.6331652e+000  1.8789862e+000  2.1549563e+000  4.8530690e+000
  9.3687255e+000  2.7762464e+000  9.5310354e+000  8.1493251e+000  3.4959880e+000  2.1606045e-001  3.4101304e+000  3.8439781e+000
  9.6925278e+000  1.9004496e+000  1.6462046e+000  5.0703144e+000  5.0823827e+000  5.1478151e-001  3.6701170e+000  5.8479724e+000
  4.3513177e+000  6.9599779e+000  1.6475496e-001  1.5254010e+000  8.9953885e+000  4.6376301e-001  2.9326990e-001  5.7444449e+000
  2.1930077e+000  9.0399105e+000  6.8308784e+000  3.7164815e+000  4.0111784e+000  2.0497027e+000  2.3769919e+000  8.8436065e+000
  7.8164886e+000  2.4191579e+000  5.8359630e+000  2.0185569e+000  1.2706777e+000  6.8766932e+000  9.1073901e+000  7.5094007e+000
  2.2512085e+000  3.8674630e+000  4.1868845e+000  9.3578566e+000  1.0555485e+000  5.3128927e+000  6.2119166e+000  2.8034175e+000
  4.0838691e+000  3.6260457e+000  1.6190139e+000  8.9352548e+000  4.4047637e+000  6.7031002e+000  2.1042674e+000  4.7114623e+000
  4.9593152e+000  2.6972119e+000  6.8417431e+000  7.4799562e+000  3.9164137e+000  5.5882705e+000  7.3224561e+000  6.1162174e+000
  7.0603927e-001  3.7424631e+000  3.3589622e-001  4.0614309e+000  6.5795811e+000  5.7524054e+000  9.7595624e+000  4.4163934e+000
  5.6945843e+000  2.1099785e-001  5.1227355e+000  4.0755215e+000  2.1983707e+000  2.3046067e+000  4.3854978e+000  9.1989383e+000
  2.8433454e+000  3.6377901e+000  4.9931754e+000  8.1352428e+000  2.3481825e+000  2.2263936e-001  3.0112141e+000  2.9806224e+000
  1.3639544e+000  8.1458041e+000  8.6108835e+000  5.5294183e+000  1.8529868e-001  5.0782148e+000  7.1364513e+000  6.9774797e+000
  7.0118497e+000  9.3729038e+000  1.0892774e-001  8.1974040e+000  3.4267654e-001  5.1616032e+000  6.5333032e+000  7.5412726e+000
  6.0305106e+000  8.8878073e+000  6.4323411e+000  7.8606335e+000  4.9114124e+000  4.0346041e+000  8.7744010e+000  7.0818293e+000
  1.0670416e-001  9.5557142e-001  5.4328425e+000  8.5621745e+000  2.6435593e+000  7.7554726e+000  6.3792075e+000  7.2505976e+000
  7.6798700e+000  2.0684684e+000  4.3304158e-001  1.5356356e+000  7.1831356e+000  1.2864351e+000  2.2078892e+000  4.5355944e+000
  8.9786258e-001  5.0672965e+000  7.6509098e-001  1.6652470e+000  7.4771004e+000  3.3456726e+000  3.0505402e+000  8.1887855e+000
  9.6897001e+000  5.7662234e+000  2.3348299e+000  2.9209845e+000  6.7376433e+000  5.7373870e+000  1.9970225e+000  9.5819840e+000
  1.4966411e+000  3.2838322e+000  1.1309668e+000  7.7191448e+000  7.9256252e+000  5.8706878e+000  7.9191621e-001  1.9290199e+000
  3.5339144e+000  8.3894778e+000  1.3388726e+000  6.9814794e+000  1.9034463e+000  3.9680690e+000  3.3894732e+000  9.2269276e+000
  6.2952405e+000  8.6549065e+000  2.1628959e+000  6.4899085e-001  6.7800053e+000  5.3512019e+000  5.1734923e+000  2.5571867e+000
  8.2320106e+000  1.6572210e-001  4.7471000e+000  9.4411857e+000  4.5862054e+000  8.4997230e+000  5.3555239e+000  4.3410128e+000
  5.0435978e+000  8.7648396e+000  9.0824882e+000  2.8520348e+000  1.3270366e+000  1.3254355e-003  3.1796071e+000  5.3010800e+000
  6.7358353e+000  9.1301450e+000  7.5614193e+000  1.6851243e+000  9.6401594e+000  3.4826595e+000  5.9848756e+000  7.3139171e+000
  3.3339944e+000  4.6304271e+000  1.6688671e+000  4.6638930e+000  4.5637046e+000  1.2782230e+000  6.3993037e+000  8.9648823e+000
  1.7584603e+000  2.9489835e+000  5.8738313e-001  6.0172881e-001  2.6659892e-001  5.5046741e+000  5.6305071e+000  3.0459561e+000
  6.7110319e+000  9.3983825e+000  4.8515469e+000  5.1808784e+000  7.8920321e+000  5.7116824e+000  7.6649484e+000  9.2016610e+000
  6.0811418e+000  4.6572520e+000  6.1669989e+000  2.0309212e+000  6.7760052e+000  1.7315558e-001  2.2660751e+000  9.1446604e+000
  5.3331264e+000  6.8380216e-001  1.9958423e+000  1.2017631e-001  9.6657191e+000  8.3220069e+000  4.4530906e+000  9.9049547e+000
  4.8861117e+000  1.3058925e+000  2.1224252e+000  8.3111015e+000  3.2378737e+000  7.3876771e+000  1.5987276e+000  7.3147072e+000
  7.1438953e+000  1.2173564e+000  9.8404474e+000  5.9309820e+000  2.6954321e+000  4.3200359e+000  9.3051234e+000  5.0788531e+000
  6.5911131e+000  4.4917202e+000  1.4716850e+000  7.7522809e+000  5.3126176e+000  8.7894196e-001  9.0046070e+000  8.6815118e+000
  6.4005625e+000  8.8926463e+000  3.4772319e+000  6.6671951e+000  4.5446074e+000  4.4687894e+000  1.7031023e-001  8.6141766e+000
  4.7877409e+000  5.6983149e+000  9.9279558e+000  4.0413463e+000  2.1984132e+000  8.6649659e+000  6.8902307e+000  1.7146938e+000
  1.6907713e+000  2.0638777e+000  9.0162219e+000  7.0913990e+000  1.3193005e+000  4.2520469e+000  6.6144671e+000  3.2238308e+000
