  5.5550474e-001  3.8404755e+000  2.4064012e+000
  3.5712039e+000  9.2410256e+000  5.0249835e+000
  3.5027203e+000  4.5868251e+000  9.5109666e+000
  7.0307241e-001  7.0608144e+000  9.3170278e+000
  6.5169684e+000  1.4606214e+000  6.9396293e+000
  4.3723399e-001  7.9792383e+000  9.8621070e+000
  3.4474885e+000  4.8806118e-001  2.2520291e+000
  6.0137534e+000  2.5251840e+000  6.5434166e+000
  9.4050609e+000  9.2530578e-001  3.3397793e+000
  5.0391078e+000  5.3092514e+000  3.7912373e+000
  2.8251127e+000  6.4927274e+000  9.2218382e+000
  8.1343913e+000  7.8763560e+000  1.2432248e+000
  4.1499827e+000  6.8733280e+000  6.5770391e+000
  9.3866770e-002  1.2860957e+000  7.6390638e+000
  7.4694859e+000  9.4452347e+000  9.1971423e+000
  5.0976719e+000  7.8774019e+000  5.2245191e+000
  5.5824070e+000  7.3099203e+000  6.3402116e-001
  2.2992404e+000  3.3739108e+000  5.5163811e+000
  4.1230555e+000  5.0761833e+000  1.2897237e+000
  2.9282964e+000  4.4996583e+000  2.4028212e+000
  8.9158257e+000  5.8613983e+000  9.3867462e+000
  2.5071904e+000  1.0253745e+000  5.4636390e+000
  6.9150614e+000  7.5943946e+000  3.9942119e+000
  2.0558392e+000  9.4352861e+000  5.1280664e+000
  2.2913955e+000  9.5292841e+000  6.8942083e+000
  6.5692191e+000  7.7896745e+000  5.8046956e+000
  8.7873131e+000  3.9294927e+000  2.4263551e+000
  9.0477101e+000  7.0267522e+000  8.5305573e+000
  6.3302163e+000  3.1556843e-001  9.2003354e+000
  5.1990319e+000  7.6631211e+000  3.3621660e+000
  3.2690201e+000  3.1110685e+000  6.4607840e+000
  1.0288655e+000  2.3615097e+000  9.7178280e+000
  6.5945026e+000  3.2609734e+000  1.9821917e-001
  3.6334902e-001  2.6474274e+000  1.9065843e+000
  7.6865518e+000  6.2793620e+000  3.1470029e+000
  7.8237989e-001  1.7194383e+000  7.2128035e+000
  9.1781220e+000  4.2967695e+000  7.9722871e-001
  8.3177231e+000  3.4736780e+000  7.7988900e+000
  5.9094236e+000  3.7699370e+000  3.9382502e+000
  4.2302561e+000  2.1892428e+000  4.9676465e+000
  5.6481650e+000  4.9142959e-001  8.7228124e+000
  3.3825794e+000  9.7403046e+000  9.5477501e+000
  1.5771767e+000  2.9183503e-002  2.4817996e+000
  2.3333871e+000  7.5589118e+000  2.2592768e+000
  2.5944457e+000  3.4579451e+000  9.0295495e+000
  1.3222280e+000  3.8806265e+000  8.4062101e+000
  9.3523440e+000  9.6980038e+000  3.7525856e+000
  1.2208569e+000  7.6095747e+000  5.7936168e+000
  4.8990424e+000  2.2045035e+000  1.4413424e+000
  8.0241569e+000  6.6964326e+000  4.7160296e+000
  5.9148087e+000  2.2674776e+000  6.8384369e+000
  7.4891854e+000  9.9814321e+000  2.6973335e+000
  6.9638705e+000  9.5259283e-001  2.4587217e+000
  4.7978422e+000  8.8252774e+000  7.7929732e+000
  7.7076175e+000  6.8579840e+000  8.6766706e+000
  6.2610478e+000  1.1114719e+000  2.1369422e+000
  4.4454493e+000  3.2658090e+000  2.8729423e+000
  1.8170519e+000  9.3379187e+000  9.4018128e+000
  8.0861821e-003  9.0300645e+000  6.8289294e+000
  9.9638416e+000  3.1445697e+000  8.0921984e+000
  5.8714147e+000  4.7759551e+000  5.5245363e+000
  5.8724487e+000  1.5480153e+000  4.4545255e+000
  4.6190011e+000  8.3410971e+000  9.9617231e+000
  7.4592937e+000  1.9995695e+000  3.6329236e-001
  5.7754735e+000  6.2827234e+000  3.6477475e+000
  8.9129346e+000  2.5351821e+000  2.8635934e+000
  5.2857377e+000  8.2076636e+000  2.9977546e+000
  4.3701257e+000  5.5053972e+000  9.8611447e+000
  9.7013678e+000  9.5965838e-001  8.9809224e+000
  1.2331815e+000  6.3072574e+000  3.7010435e+000
  7.9569433e+000  3.0170481e+000  6.0746169e+000
  2.9259269e+000  8.3241896e+000  5.7052596e+000
  2.6631169e+000  1.7087483e+000  5.6030742e+000
  4.9236881e+000  7.2936742e+000  9.5499638e+000
  8.0068139e-001  9.3824622e+000  9.7447384e+000
  9.5749496e+000  3.3065054e+000  9.0121514e+000
  4.8328002e+000  1.4747475e+000  3.1499209e+000
  5.9290694e+000  6.5760801e+000  3.4896269e+000
  4.7168031e-001  5.5857809e-001  7.1511996e-001
  9.7367901e+000  7.3479672e+000  7.5238561e+000
  1.1760612e+000  2.6130327e+000  8.9335800e+000
  9.9407389e+000  3.4678626e+000  2.9230214e+000
  7.4314834e+000  7.1801872e+000  1.8889473e+000
  4.5593135e-001  6.5547348e+000  7.8104221e+000
  7.8535287e+000  4.3349230e+000  3.4782125e+000
  8.1944144e+000  1.0604034e+000  6.0740465e-002
  9.4277130e+000  6.7425933e+000  3.8565839e+000
  6.7482489e+000  6.0809692e+000  4.3942584e+000
  8.2290650e+000  1.0499432e-001  1.4161673e+000
  5.8061843e+000  2.9298896e+000  4.3886697e+000
  1.3730548e+000  9.5276171e+000  3.6004467e+000
  4.1335726e-001  4.2383059e+000  7.5637970e-001
  9.4598265e+000  8.5450345e+000  1.7353112e+000
  2.9488921e+000  9.0287215e+000  8.1387409e-001
  1.7440849e+000  7.1998795e+000  2.3200666e+000
  2.1613211e+000  9.7667054e+000  3.8184901e+000
  4.6564039e-001  2.3206838e+000  8.7484038e+000
  3.0635742e-002  4.6494128e+000  8.2407189e+000
  3.0107453e+000  2.3600521e+000  8.3157826e+000
  5.0708731e+000  1.8547458e+000  1.5149857e+000
