  4.8267301e+000  1.2826506e+000
  8.8396153e+000  1.9627691e+000
  5.4369499e+000  3.1462075e+000
  7.9153926e+000  8.3917948e+000
  4.1692201e+000  6.4288981e+000
  6.1727081e+000  6.7519115e+000
  3.4630950e+000  3.6440137e+000
  7.9536157e+000  4.9266691e+000
  7.7506120e+000  2.3680481e+000
  8.1652697e+000  8.4622836e+000
  3.8322953e+000  8.6133475e+000
  5.7054822e+000  6.9530681e+000
  5.4631298e+000  6.3657657e+000
  9.2711215e+000  8.6376557e+000
  1.7869903e+000  2.4350437e+000
  1.9913438e+000  9.8294051e+000
  1.7543615e+000  8.5829739e+000
  9.6166308e+000  5.7059970e+000
  1.7666120e+000  5.1367906e+000
  1.6527744e+000  4.9389304e+000
  1.9880716e+000  6.2316891e+000
  3.1879096e+000  5.3299953e+000
  6.0219044e+000  3.6193273e+000
  9.1381350e+000  6.4055884e+000
  6.7533033e+000  7.4455771e+000
  5.1665717e+000  1.5186870e+000
  8.2101940e+000  1.7136438e+000
  9.6647199e+000  8.0629260e+000
  9.9977312e+000  6.3738697e-001
  4.0433815e+000  4.0029288e+000
  4.2431077e+000  6.1354588e+000
  2.1990078e+000  3.5408108e+000
  2.9149803e+000  1.8838954e+000
  4.4940418e+000  2.4364019e+000
  5.2861077e+000  9.1413517e+000
  5.8542596e+000  1.1897538e+000
  5.9356077e+000  8.8361530e+000
  6.0725739e+000  7.0763582e-001
  6.4207942e+000  1.0449967e+000
  3.9580433e+000  8.4904751e-001
  2.4879890e+000  2.2665314e+000
  7.5415259e+000  5.4728663e+000
  6.3057279e+000  9.8545695e+000
  6.0045561e+000  9.0918696e+000
  3.3541992e+000  9.5713916e+000
  6.0154259e+000  7.2026236e+000
  2.1275901e+000  8.1623375e-001
  8.6751839e+000  5.5935707e+000
  4.3030090e+000  7.7398592e+000
  6.5772927e+000  1.6102090e+000
  5.0508608e+000  3.7533228e+000
  3.4242140e+000  7.7714644e+000
  7.1155643e+000  4.8093341e+000
  9.3755924e+000  5.1725440e+000
  2.1819264e+000  8.7321934e+000
  4.6540342e+000  2.1929823e-001
  1.7920950e+000  1.6539225e+000
  6.9143656e+000  2.1376352e+000
  7.6833515e+000  5.0115009e+000
  5.7852903e-001  4.3675193e+000
  5.6506716e+000  8.2381657e+000
  3.0011678e+000  2.1220248e-002
  7.6629936e+000  7.5130416e+000
  3.4931954e+000  1.5134056e+000
  8.0865225e+000  6.3286879e+000
  6.3957022e+000  7.2932173e+000
  6.2695538e+000  1.8059137e+000
  1.6356616e+000  9.0605174e+000
  3.3853465e+000  5.8061755e+000
  8.0532049e+000  5.3077814e+000
  7.0948498e+000  1.4863255e+000
  6.3398255e+000  2.2930625e+000
  1.6635251e+000  1.4960709e+000
  9.5495890e+000  1.5908339e-001
  2.5692285e-001  9.7111066e+000
  5.2507308e+000  8.6233921e+000
  1.8901056e+000  6.6071956e+000
  9.7570713e+000  1.0793525e+000
  7.4655143e+000  4.9468523e-001
  4.8912552e+000  8.4989382e+000
  4.3926126e-002  5.4260746e+000
  9.0913902e+000  8.4535056e+000
  7.4618224e+000  1.1748938e+000
  1.6883176e+000  8.3111150e+000
  1.6948443e+000  8.8373732e+000
  3.8256946e+000  2.7145292e+000
  7.4150246e+000  4.4787273e+000
  9.4433128e+000  1.7411787e+000
  6.4092912e+000  8.0861251e+000
  3.9811765e+000  1.1549381e+000
  3.6046762e+000  8.2890555e+000
  7.9104032e+000  6.5468831e+000
  7.8577629e+000  9.2256305e+000
  8.3401166e+000  1.3135369e+000
  9.2573618e+000  8.3270757e+000
  2.1302177e+000  5.2231478e+000
  4.7910978e+000  9.9390364e+000
  9.4490865e+000  4.9044222e+000
  7.7265557e+000  7.4406657e+000
  5.3000053e-001  8.7821844e-001
