  9.6161163e+000  4.8912932e+000  2.5352278e+000  6.7822413e+000  9.1449178e+000  6.1707479e+000  3.2249874e+000  4.9051193e+000
  4.0745534e+000  8.3939624e-001  5.9195952e+000  8.7901548e+000  5.5330786e+000  2.9947107e+000  8.9700832e+000  7.9430631e+000
  7.7581246e+000  5.9896830e+000  5.5722102e+000  2.9970763e+000  5.4765725e+000  9.9182983e+000  4.8341297e+000  6.8477370e+000
  4.8001683e+000  7.4652077e+000  2.1142243e+000  2.4848673e+000  9.7839080e-001  7.0867043e+000  8.5574592e+000  7.8903425e+000
  7.4284255e+000  1.0452212e+000  5.2087491e+000  8.4663247e+000  8.4361315e+000  3.7774730e+000  2.7209536e+000  1.2530392e+000
  6.9135254e+000  5.5513116e+000  8.4742319e-002  4.1603181e+000  4.3911821e+000  7.8436065e+000  8.2999749e+000  5.8960644e+000
  1.4207404e+000  5.9331338e+000  7.2619280e+000  4.2838036e+000  2.1079206e+000  2.6538427e+000  9.9318376e+000  4.8075637e+000
  8.2775013e+000  6.0323827e+000  8.1784168e+000  9.5554717e+000  6.5037819e+000  6.2764735e+000  6.4656333e+000  6.2133129e-001
  9.3819665e+000  8.9871644e+000  6.9485916e+000  3.1040617e+000  3.4354561e+000  7.6229443e-001  5.1983694e+000  6.0877732e+000
  7.2715996e+000  7.3933577e-004  1.6976627e+000  4.6329102e+000  3.6185215e+000  9.5206561e+000  9.3219336e+000  9.5806866e+000
  2.0653842e+000  1.5970073e+000  5.7176057e+000  5.9291919e+000  6.9861075e+000  3.0581346e+000  3.9385134e+000  3.3688583e+000
  1.2899304e+000  8.6936356e-001  5.4894335e+000  3.1773325e+000  9.9274758e+000  7.2356525e+000  5.7210139e+000  7.1722717e+000
  9.7655923e+000  4.2699056e+000  9.1301377e+000  8.9731125e+000  8.3522857e+000  4.7958171e-001  3.5928057e+000  2.9575390e+000
  6.2912562e+000  1.3618380e+000  3.7404580e+000  8.6478170e+000  2.5027359e+000  2.9505579e-001  9.9944897e+000  6.0514268e+000
  2.4419512e+000  4.3819527e+000  7.3509357e+000  5.5798909e+000  4.3833939e+000  6.0354176e+000  1.8099881e+000  8.0878614e+000
  8.1905843e+000  4.8723572e+000  7.5505040e+000  4.0437253e+000  7.2567630e+000  1.5400858e+000  5.0907328e+000  6.6803559e+000
  1.5257565e+000  6.2696014e-001  3.3711488e+000  4.4594398e+000  7.5764847e+000  1.3053358e+000  9.0151184e+000  2.2033824e+000
  3.7855074e+000  4.2275589e+000  9.7268620e+000  1.7701604e+000  8.8227651e+000  5.5125735e+000  3.2149191e+000  8.9984560e+000
  5.4211172e+000  4.6288926e+000  8.0797493e+000  3.6081824e+000  9.7100298e+000  5.5551732e+000  7.6981970e+000  6.8012102e+000
  2.0519955e+000  8.3462293e+000  8.6546703e+000  4.1520783e-001  6.1419303e+000  2.7328023e+000  7.4670692e+000  4.8787195e+000
  7.9237549e+000  5.2446290e+000  5.9751153e+000  2.2003020e+000  3.6401926e+000  2.9724203e+000  8.5161692e+000  9.7368959e+000
  6.2362160e+000  8.9227919e+000  9.8090271e+000  6.4697910e+000  7.9881851e+000  4.0487444e+000  4.8236443e+000  6.3892359e-001
  8.0292853e+000  3.5107100e+000  8.4927245e+000  9.9180722e+000  4.8432395e+000  3.5636460e+000  5.4371085e-001  9.1407706e+000
  7.0496874e+000  4.3808360e+000  9.6810903e+000  7.2382084e+000  6.5680331e+000  5.1477159e+000  8.7705626e+000  6.0174161e-001
  4.7147765e+000  3.1101657e+000  1.9469307e+000  1.5104954e+000  9.0142040e+000  7.0658295e-001  9.5838772e+000  6.9988974e+000
  1.2009664e-001  4.8803993e-002  8.5329140e+000  4.6728777e+000  8.3671866e+000  2.2062481e+000  8.0596050e+000  2.4857944e+000
  9.9827261e+000  9.3789763e+000  5.5395635e+000  9.1269742e+000  6.3548994e+000  7.8009573e+000  5.6721818e+000  1.9176167e+000
  9.0624833e+000  5.1485642e+000  9.9897631e+000  3.7732867e+000  2.0611198e+000  7.2994670e+000  3.1343567e+000  1.1758093e+000
  8.8860559e+000  6.9312290e+000  9.3990014e+000  4.1716732e+000  8.1577085e+000  8.0484269e+000  3.6040428e+000  9.1381414e+000
  2.8831583e+000  1.6500186e+000  4.5586251e+000  2.4281732e+000  1.9220526e-002  6.1534288e+000  6.6122786e+000  6.6033643e+000
  6.8047517e+000  8.5064967e+000  3.7314468e-001  6.8077520e+000  5.7113760e+000  6.9021478e+000  8.9556644e+000  2.6686229e+000
  6.8554608e-001  3.1360146e+000  7.8917952e+000  4.9833982e+000  4.3703274e+000  1.6840570e+000  2.6456268e+000  6.8388158e+000
  8.1663741e+000  7.0552099e+000  5.7653889e+000  9.9406249e+000  4.6119327e+000  4.9335325e+000  2.7395969e+000  6.5510289e+000
  4.0705709e+000  2.9996314e+000  6.0543557e+000  7.9117327e+000  9.7089357e+000  7.7338383e+000  5.9998171e+000  4.4906863e+000
  1.5347277e+000  2.1123300e+000  7.0034904e+000  9.5618219e+000  6.3546866e+000  8.9127116e+000  2.1628501e+000  6.8354371e+000
  3.1505862e+000  2.5386580e-001  8.2024904e+000  4.3266870e+000  8.8706613e-001  9.3508399e+000  3.9077682e+000  5.8793165e+000
  2.3983594e+000  6.5356500e+000  3.6653248e+000  4.8124993e+000  4.0168556e+000  3.3379754e+000  2.6758537e+000  7.6784296e+000
  2.4038192e+000  9.6127716e+000  9.2355126e+000  2.7424691e+000  2.2327898e+000  2.5212356e+000  2.4699342e+000  2.3957638e+000
  4.2825096e+000  8.2592589e+000  6.1718624e+000  1.9387440e+000  8.0808145e+000  9.8563419e+000  1.4860245e+000  8.5303081e+000
  2.3860195e+000  4.1694055e+000  3.2239990e+000  4.3403864e+000  3.2742371e+000  9.8968783e-001  6.7117440e+000  4.9358696e-001
  2.0099589e+000  4.9913693e+000  2.7541932e+000  4.1960392e+000  5.9699288e+000  4.9144909e-001  8.8667943e+000  8.5829917e+000
  8.5061550e-001  1.7741677e+000  1.3398521e-001  5.8998544e+000  7.0786199e+000  7.5892256e+000  2.1397129e+000  9.6616727e+000
  4.8438897e+000  6.2468101e-001  1.7845920e+000  3.3826338e+000  8.8048220e+000  4.2720548e-001  3.5540742e+000  6.4073932e+000
  8.2788371e+000  4.4623015e-001  7.9082563e+000  5.1150661e-001  2.9642585e+000  2.7214238e+000  9.1345381e+000  6.0546710e+000
  5.0221745e+000  7.3660045e+000  1.1212317e+000  8.8448988e+000  5.2955068e+000  5.4939216e-002  1.6286791e+000  2.6232605e+000
  3.8869830e-001  6.8206447e+000  2.8196464e-001  4.9994921e+000  4.8069493e+000  2.7852885e+000  5.9049171e+000  2.8741595e+000
  9.1994632e+000  6.0638450e-002  5.6453038e+000  3.6869232e+000  3.7136076e+000  2.1194321e-001  6.8725064e+000  5.5456374e+000
  7.6543579e+000  7.9133896e+000  2.4656086e+000  1.9980665e+000  3.6693906e+000  7.1957202e+000  1.2536482e+000  4.2989424e+000
  1.6353487e-001  7.1020158e-001  7.1030610e+000  8.0294782e+000  9.1019662e+000  9.1212370e+000  6.2953618e+000  1.3149379e+000
  6.2136507e-001  7.7754383e+000  7.4214951e+000  6.2592923e+000  7.2909668e+000  2.0301436e+000  7.9499481e+000  9.7457117e+000
  4.2014416e+000  2.4572059e+000  4.8012201e+000  6.6897242e+000  8.5237579e+000  9.4532262e+000  1.2873226e+000  6.9664525e+000
  8.0084145e-001  1.0356265e+000  1.3119836e+000  5.1505540e+000  4.8178108e+000  4.4588340e+000  7.9817690e+000  5.2893825e+000
  6.6884373e+000  4.8333759e+000  3.3268700e+000  2.5880165e+000  9.7370271e+000  2.6436029e+000  7.8994085e+000  4.9706892e+000
  3.2078527e+000  6.1628279e+000  6.8941499e-002  6.2933654e-001  9.2002497e+000  9.0616369e+000  8.3153713e+000  9.1367467e+000
  6.7915765e+000  7.7705860e+000  6.9366795e+000  1.9885647e+000  4.5238827e+000  7.8888675e+000  1.9245466e-002  5.5557760e+000
  4.3324829e+000  5.8415946e-001  4.4195985e+000  8.3959368e+000  6.1825668e+000  7.4159406e+000  9.3563740e+000  3.2531001e+000
  7.4599144e+000  8.7289822e+000  4.3328591e+000  5.2155966e+000  6.5265926e+000  4.6901146e+000  1.8329932e+000  2.2600219e+000
  4.1195542e+000  1.5291708e-001  7.5067041e+000  6.2123417e-001  4.3168437e+000  5.4277936e+000  6.1014855e+000  4.3623417e+000
  8.1068558e-001  2.8395724e+000  7.3226804e-001  7.2997755e+000  3.4637510e+000  6.5220527e+000  4.8175745e+000  3.8259364e+000
  3.2688584e+000  1.0303992e+000  3.7041238e+000  3.7744154e+000  4.8179832e+000  7.9561956e+000  6.9139370e+000  8.4979010e+000
  5.1228253e+000  8.5503341e+000  4.6544155e+000  2.6484860e+000  6.2948421e+000  5.6273412e+000  5.4115647e+000  3.9331144e+000
  4.2046237e+000  1.3712198e+000  2.9217788e+000  7.3232132e-002  9.3270122e+000  6.0925854e+000  8.9184569e+000  4.2082484e+000
  4.0018134e+000  5.5393412e+000  5.9625944e+000  5.0627882e+000  5.8720963e+000  1.3282169e+000  7.6159798e+000  6.5114350e+000
  3.5108987e+000  3.1259638e+000  2.7425053e+000  1.4953074e+000  3.3434568e+000  8.3303405e+000  2.3357576e+000  6.9240963e-001
  4.9472717e+000  1.2215134e+000  4.0262127e+000  9.1214211e-001  7.2054808e+000  3.4234291e+000  5.6630489e+000  6.5451237e+000
  6.5250115e+000  7.0085671e+000  3.0110449e+000  8.5463814e-001  6.3343571e+000  2.6643462e+000  8.9425178e+000  3.0026897e+000
  7.1505693e+000  3.3035231e+000  3.6487326e+000  5.9234811e+000  9.0518547e+000  2.6452884e+000  9.4982588e+000  7.3872898e+000
  4.4611480e-002  8.5073676e+000  6.9557219e+000  5.6243212e+000  3.3771611e+000  3.3279935e+000  7.7322788e-001  4.5830093e+000
  6.5719007e+000  5.7195385e+000  4.0210864e+000  9.3470117e+000  3.6053423e+000  9.4771401e+000  3.0123579e-001  4.4109667e+000
  7.0070915e+000  7.0299282e+000  5.1016655e+000  6.1224389e+000  7.4636894e+000  8.0143561e+000  3.3672498e+000  5.6409301e+000
  8.5526607e+000  5.8915860e+000  5.0824120e+000  8.5343050e+000  6.8379834e+000  1.0633826e+000  5.0195683e+000  1.9166665e-001
  4.4260938e+000  9.0717543e+000  4.4669624e-001  9.4519080e+000  1.8038036e+000  3.6990815e+000  2.0523908e+000  9.5585845e-001
  4.3274093e+000  2.7756094e+000  1.0085821e+000  4.9892045e+000  2.3903407e+000  3.4960133e+000  5.5826229e+000  5.4806691e+000
  4.2127393e+000  3.8549967e+000  3.8066378e+000  2.8072836e+000  1.7991238e+000  1.2728402e+000  1.5690224e-001  7.5308797e+000
  5.0495519e+000  7.2211024e+000  7.6110081e+000  2.6894888e+000  1.9362198e+000  6.4148790e-001  4.2537432e+000  7.0214699e+000
  9.7732065e+000  5.5158273e+000  4.3806777e-001  5.8214877e+000  2.7837573e+000  5.4219425e+000  4.4332089e+000  1.1720543e+000
  3.7994122e+000  7.6483289e+000  9.1836829e+000  6.9269906e+000  9.7062424e+000  1.2616497e+000  6.4641389e+000  3.8684996e+000
  5.6234459e+000  1.9835058e+000  3.9392632e+000  3.4024226e+000  3.5647777e+000  3.7303989e+000  1.1536423e+000  5.0120976e+000
  8.1691282e+000  3.4350699e+000  4.9853620e+000  1.1802398e+000  5.7551667e+000  5.1546425e+000  3.5527668e+000  8.6334893e+000
  3.4401498e+000  4.5688138e+000  2.3808891e+000  7.7116308e+000  2.7340452e+000  5.2500211e+000  5.3111346e+000  8.7338419e+000
  9.3761303e+000  4.8717480e-001  9.7884491e+000  6.3232586e+000  7.2633812e-001  2.1182401e+000  3.5988722e+000  4.2668128e+000
  7.5814537e+000  9.1575077e+000  6.2974015e+000  9.5590911e+000  7.5511844e+000  5.2611117e+000  8.5011100e+000  8.1603092e+000
  1.3213047e+000  7.6072417e+000  6.1723247e+000  3.9764722e+000  8.4127198e+000  3.8319707e-001  9.6205928e-001  9.4810224e+000
  3.9601561e+000  5.3226210e+000  9.0364248e+000  3.4003524e+000  6.6389564e+000  7.2736107e+000  2.2301360e+000  5.5545403e+000
  4.5523267e+000  6.1026454e+000  5.4399004e+000  5.1835634e+000  2.8604775e+000  8.7901616e+000  9.3654304e+000  8.0620928e+000
  9.6908493e+000  5.2423492e+000  1.1286894e+000  6.5023444e+000  1.9088597e+000  8.5693584e+000  9.4285307e+000  1.0344690e+000
  2.9643895e+000  7.9903403e+000  4.4171476e+000  4.9252056e+000  2.9516172e-001  5.7264339e+000  5.7246217e+000  7.4169137e+000
  7.6605563e-001  7.8716647e+000  1.9349499e+000  5.3092770e+000  9.2412978e+000  9.8605646e+000  9.7529340e+000  3.0476886e+000
  7.5363841e+000  2.0635512e+000  8.6138071e+000  6.5784416e+000  1.0220576e+000  5.8046480e+000  9.6348828e+000  8.4487265e+000
  7.5310690e+000  7.0304981e+000  2.4662365e+000  3.9941495e-001  4.6211318e+000  1.1737381e+000  1.6161997e+000  4.1975584e+000
  6.6611535e+000  9.7315439e+000  2.7965044e+000  5.3139297e+000  9.3069266e+000  1.6666241e+000  7.8924973e+000  1.0296535e+000
  8.8362270e+000  5.2223761e+000  9.7412642e+000  7.5610419e+000  7.2257007e+000  2.6011883e-002  2.0561373e+000  2.6036919e+000
  7.9954703e-001  7.3532773e+000  8.2265068e+000  3.4339064e+000  1.3613810e+000  6.6588943e+000  8.3044114e+000  6.7362087e+000
  1.3945910e+000  3.7882688e+000  6.7836294e+000  5.1592509e+000  9.7805537e+000  2.6772470e+000  8.6691050e+000  3.7375487e+000
  1.3663034e+000  8.2691546e-001  7.3882369e+000  3.7206780e+000  3.8051630e+000  3.0217376e+000  2.9452541e+000  2.5981357e+000
  4.6347502e+000  9.8785227e+000  3.8507588e+000  9.4323421e+000  1.6700120e+000  9.2500406e+000  7.5433737e+000  8.5659944e+000
  6.0238652e+000  1.0736682e+000  4.5547226e+000  6.5458971e+000  5.7533121e-001  2.1262877e-001  2.8980174e+000  9.3147883e+000
  5.1401936e+000  8.7529843e+000  3.7809951e+000  8.8451152e+000  5.3477387e+000  8.9260274e+000  1.0276343e+000  2.1204583e+000
  7.0160574e+000  3.6135083e+000  1.3957147e-002  3.8430834e+000  3.2014291e+000  3.9334538e+000  1.8125122e+000  2.0937672e+000
  5.9372463e+000  5.9446636e+000  1.7247028e+000  9.3300157e+000  5.6216769e-001  2.0172414e+000  5.0825206e+000  7.5921486e+000
