  1.4835925e+000  8.5128767e+000  7.8718001e+000  5.2430098e+000  1.8838962e-001  2.6345172e+000  9.9858972e+000  7.1054062e+000
  6.4161269e+000  1.2106825e+000  5.5668134e+000  7.8796821e+000  4.1450193e+000  8.3664406e-001  5.8710672e+000  6.3926646e+000
  8.6526168e+000  4.8778429e+000  2.7601782e+000  3.1147164e+000  6.6656671e+000  5.0009808e+000  4.4413852e+000  3.2558251e+000
  1.5222715e-001  5.5283355e+000  9.3582422e+000  4.8177230e+000  3.2847565e+000  8.0308169e+000  1.4346557e+000  7.8622752e-001
  4.6551034e+000  7.3667864e+000  6.9903720e+000  5.3309033e+000  2.0632318e+000  1.5696725e+000  4.0223952e+000  4.3757587e+000
  9.2674419e+000  3.0806415e+000  8.6258260e+000  5.6022728e+000  5.4416228e+000  8.4227960e+000  7.8797087e+000  5.3637121e+000
  3.7015247e+000  4.3612080e+000  6.3320250e+000  1.4677740e+000  5.6536703e+000  4.0311686e+000  5.3981809e-001  1.3598472e+000
  4.5755556e+000  3.3191106e+000  8.5733266e+000  6.0715582e+000  1.9711833e+000  1.4352109e+000  7.6737995e+000  6.5272311e+000
  5.6611041e-001  4.2036160e+000  4.6086380e+000  5.3550264e+000  8.2842281e+000  9.9837009e+000  3.8240546e+000  1.9007998e+000
  6.7993680e+000  9.3489602e+000  6.3641018e+000  6.4870462e+000  3.8261172e+000  2.7873606e-001  5.9306638e+000  7.3130523e+000
  6.1961596e-001  1.5304079e+000  7.5565379e+000  4.9583322e+000  3.8436908e+000  2.8831782e+000  1.8636646e+000  9.4733758e+000
  1.3915168e+000  5.4137266e+000  3.0516395e-001  5.4845004e+000  3.9658862e+000  7.6094562e+000  1.6278458e+000  4.6810012e+000
  8.5334377e-001  4.9714076e+000  7.7689876e+000  1.3381792e+000  7.0019494e+000  8.3073111e+000  5.1314783e+000  4.8138101e-002
  9.7302173e+000  1.4465763e+000  7.7476574e+000  3.6097930e+000  2.8157815e+000  5.4340950e+000  4.0723859e+000  9.2030386e+000
  1.1250923e+000  2.5508390e+000  1.5567712e+000  8.1311088e+000  6.2963883e+000  6.5937431e+000  6.6411760e+000  5.4727703e+000
  9.7313158e-001  8.3121842e+000  3.1502044e+000  5.9878357e+000  4.6876770e+000  6.5821134e+000  2.6099990e+000  2.8453044e+000
  9.7347859e+000  2.8255815e+000  8.5399301e+000  9.0132798e+000  8.3775416e+000  7.5227974e+000  2.5913128e+000  9.4713849e+000
  8.4237470e+000  7.7715634e+000  4.7375533e+000  8.5116553e+000  9.2918442e+000  2.4243647e-001  7.2908731e+000  4.6631973e+000
  9.8449771e+000  8.4700749e+000  9.7669722e+000  3.4485521e+000  2.7736325e+000  3.1640724e+000  3.3648883e+000  5.4809991e+000
  9.1585924e+000  6.7068330e+000  7.8549118e+000  1.8300538e+000  1.4088585e+000  5.5744650e-001  6.1837349e+000  5.8994139e+000
  2.2618225e-001  1.5925118e+000  5.0677288e+000  7.8717206e+000  7.6203759e+000  9.3432478e+000  7.9517996e+000  4.5426139e+000
  1.3285980e+000  5.6123375e+000  2.0761525e+000  1.1800666e+000  7.6765466e+000  4.5725528e+000  7.2584310e+000  1.0672557e+000
  5.5738801e+000  8.5558368e+000  9.1192935e+000  3.5133030e+000  3.7236244e+000  1.0223546e+000  6.5759319e+000  2.1880986e+000
  3.9340489e+000  4.5388499e+000  1.8175376e+000  6.7438529e-001  7.8455338e+000  8.0186698e+000  4.6341895e+000  8.5242263e+000
  1.8049100e+000  3.0070209e-001  1.2977849e+000  3.1560610e+000  7.3153458e+000  7.7298032e+000  1.4856877e+000  7.9579958e+000
  7.1710292e+000  7.8556834e-001  3.9386598e+000  8.1582994e+000  5.2997527e+000  9.4735645e+000  3.1668077e+000  5.7816541e+000
  3.9226111e+000  9.9875628e+000  3.4368823e+000  9.0857082e+000  6.9766634e+000  2.9770237e-001  4.8127712e+000  6.7690543e+000
  1.5409103e+000  5.6116788e+000  9.4932550e+000  9.5929542e+000  9.8994080e+000  8.3601384e+000  6.5408004e+000  8.6917294e+000
  7.6192463e+000  1.6526765e+000  7.9474157e-001  5.0889458e+000  9.3040263e-001  4.3785913e+000  3.1197148e+000  3.7915088e+000
  8.6949223e+000  9.4790656e+000  2.5430484e+000  4.8491632e-001  8.3183870e+000  6.8872558e+000  5.9602189e+000  2.1473979e+000
  5.5755557e-001  4.3104931e+000  1.9073823e+000  3.2777546e+000  9.3765708e+000  8.4736701e+000  2.5698364e+000  3.7720553e+000
  7.8222414e+000  1.1637058e-001  2.2170615e+000  6.7071798e-001  7.0565414e+000  8.7593417e+000  2.7748226e+000  6.9280412e+000
  3.7476901e+000  8.3587783e+000  6.9574833e+000  6.9489941e+000  8.5336179e+000  2.9458822e+000  6.5096799e+000  2.9862787e+000
  7.8078901e+000  8.2501817e+000  7.3618478e+000  7.9367256e+000  4.0515752e+000  1.3061190e+000  1.5955640e+000  8.1664390e+000
  5.4399146e+000  8.2349714e+000  9.4839703e+000  4.6026850e+000  6.9500305e-001  5.2239952e+000  1.9585724e+000  2.9871147e+000
  1.6531604e+000  7.7734998e+000  3.4137830e+000  4.7410285e+000  1.0023668e+000  6.0181697e-001  8.6172031e+000  7.0871612e-001
  3.9383999e+000  4.4005057e+000  3.5073204e+000  3.2350922e-001  7.2556601e+000  3.5348974e+000  6.4106041e+000  7.7158905e+000
  4.8587249e+000  8.1212913e+000  7.5996715e-001  2.8332853e-001  4.3350702e+000  1.4347805e+000  8.0803707e+000  1.7547536e-002
  4.2167502e+000  2.3511398e+000  9.5630117e+000  3.7148724e+000  4.9132007e+000  2.6750922e+000  5.7628033e+000  5.2004533e+000
  6.6074063e+000  8.4624235e+000  8.7143596e-001  4.2287582e+000  4.1406488e-001  6.0213194e+000  7.3144644e+000  6.8262869e+000
  6.7650289e+000  3.0707508e+000  3.4829355e+000  7.2649957e+000  1.0709200e+000  2.5249906e+000  4.3893068e+000  5.8717973e+000
  4.3546901e+000  3.1033638e+000  9.1596871e+000  6.5841964e+000  1.7690654e+000  6.4510393e+000  3.5292729e-001  7.8260659e+000
  3.8451533e+000  6.7246706e+000  3.9490600e-001  4.3475930e+000  1.7438074e+000  5.8321147e+000  1.9103579e+000  3.8363938e+000
  1.8413606e-002  6.8020343e+000  2.8251461e+000  8.2140863e+000  2.9410943e+000  3.9010029e+000  9.5108081e+000  8.3525461e+000
  9.3258900e+000  1.2936062e+000  3.4828623e+000  7.1361036e+000  6.2514920e+000  8.3361874e+000  2.2050389e+000  3.1932053e+000
  2.8035339e-001  6.8020978e+000  2.8614894e+000  3.0790778e-001  2.8445093e+000  1.1319378e+000  7.1623425e-001  5.8101535e+000
  8.4350130e+000  6.6061791e-001  4.8409704e+000  1.6240271e+000  4.2195820e+000  8.6305998e+000  6.5641012e+000  9.6247354e+000
  4.1192957e+000  7.7926495e+000  9.0205134e+000  6.6931158e+000  1.7137563e+000  3.1978246e+000  2.7120589e+000  2.3079724e+000
  3.0947044e+000  9.7386942e+000  8.6243607e+000  6.1977312e+000  8.7944684e+000  3.0711413e+000  6.2619578e+000  6.3398322e+000
  5.8295389e+000  1.0767624e+000  7.9840850e+000  8.7513681e+000  6.4766968e+000  5.5069200e-001  9.3856191e+000  5.7961393e-001
  3.7511789e+000  4.1352929e+000  1.6518422e+000  9.4197386e+000  1.2804336e+000  7.5538883e+000  6.4015543e+000  3.0661546e+000
  9.5554837e+000  8.2414796e+000  1.5219739e+000  3.9289027e+000  4.6276276e+000  7.3781825e+000  8.7565356e+000  9.7384239e+000
  6.2291455e+000  8.4209279e+000  3.7804200e+000  8.9868175e+000  7.8876086e+000  9.0879807e+000  4.2141021e+000  7.0586772e-001
  6.1273879e+000  7.5033818e+000  5.8040335e+000  9.9452242e+000  1.6586741e+000  7.0882292e+000  1.6670288e+000  7.9330903e-001
  5.5148074e+000  7.7227363e+000  5.4882516e-001  4.6642446e-001  5.8250989e+000  7.6174475e+000  1.8526037e+000  5.3596444e+000
  6.0493887e+000  4.0791580e-001  2.7012279e+000  1.7894882e+000  5.2772819e+000  7.3507527e+000  9.1763309e+000  3.0598444e-001
  8.4739421e+000  4.6963566e+000  3.7031873e+000  7.5636685e-001  1.6995707e+000  6.7196461e+000  5.9012924e+000  6.6778832e+000
  7.9194430e+000  4.5579815e+000  8.9446507e+000  7.2556511e-001  6.3543525e+000  8.0862172e+000  3.2109832e+000  5.3607166e+000
  5.3421614e+000  7.9361213e+000  5.8623317e+000  8.8150701e+000  4.4317631e+000  9.3163898e-001  9.2949621e+000  4.1857245e+000
  6.9094360e+000  5.4657324e-001  3.4040957e+000  7.9278872e+000  6.5451104e-002  5.4201911e-001  2.7407375e+000  3.5747881e+000
  1.8884498e+000  4.0647960e+000  6.9395468e+000  8.2948045e+000  5.4617527e+000  9.1233917e+000  9.1762865e+000  6.1854200e+000
  8.9386114e+000  3.4529283e+000  9.9638534e+000  8.9026497e+000  3.6381580e+000  7.8289657e+000  3.2832352e+000  1.5670748e+000
  6.3173670e+000  5.9990364e+000  2.4056198e+000  2.8234676e+000  7.9873672e+000  5.8694495e+000  3.0175278e+000  2.9611171e+000
  5.0544176e+000  5.6503663e+000  6.8895847e-001  1.6390308e+000  5.1051878e+000  5.4153926e+000  5.1003592e+000  1.2191661e+000
  4.0914641e+000  6.9365334e+000  7.8077169e+000  6.3636337e+000  5.8180517e+000  9.7473352e+000  5.2963824e+000  2.8837083e+000
  2.1537296e+000  4.3766341e+000  5.6694972e+000  9.1558349e+000  3.1609741e+000  2.8102309e+000  6.1889884e+000  2.2044481e+000
  1.6417567e-001  5.1633371e+000  2.4161715e-002  5.5600244e+000  5.5573426e+000  7.3732222e-001  3.9690923e+000  7.7220410e+000
  4.0306913e+000  5.2332200e+000  3.9248601e+000  6.7025106e-001  7.7851889e+000  7.6430989e+000  5.6852972e+000  6.1446264e+000
  6.1662857e+000  2.3977732e+000  7.9108370e+000  7.0564670e+000  7.3787633e+000  1.3841777e+000  5.4902621e-002  7.3851757e+000
  5.6472152e+000  5.5682021e-001  3.2309641e+000  9.3361470e+000  8.5275785e+000  6.8677270e+000  1.6723773e+000  6.7966429e+000
  5.6100376e+000  4.5904182e+000  6.6506752e+000  4.3411444e+000  3.0702876e-001  4.4240867e+000  4.6706651e+000  1.0384370e-001
  3.0163095e+000  8.2593411e+000  9.1591739e+000  2.6735302e+000  2.9601702e+000  9.2473632e-001  7.2583181e+000  7.1746027e+000
  3.7611504e+000  6.3067160e+000  5.1728675e+000  6.5020624e+000  8.7125423e+000  3.3101919e+000  5.5754489e+000  2.8613920e-001
  7.8558844e+000  2.9090414e+000  5.7183346e-001  6.9890082e+000  6.3833309e+000  6.4770921e+000  8.8260307e+000  1.6407052e+000
  3.8320067e+000  6.9322773e+000  3.0417314e+000  6.4963219e+000  3.5953524e+000  9.1286776e+000  3.8877250e+000  6.7802186e+000
  1.9939385e+000  6.7831700e+000  7.9100074e+000  7.2621231e+000  1.7519636e+000  1.0321609e+000  8.1754542e+000  9.8009601e+000
  9.0974085e+000  6.0851499e+000  4.5920137e+000  4.5913512e-001  5.9966782e+000  7.8142394e+000  8.1805236e+000  2.2308238e+000
  6.7755909e+000  9.7209814e+000  4.1160035e+000  5.1226886e-001  3.1527055e+000  3.1475858e+000  4.9273657e+000  5.5630629e-001
  2.3907828e+000  7.8243593e+000  8.6883041e+000  6.2398405e+000  3.3252337e+000  2.7124794e+000  3.1973970e-001  8.6933246e+000
  9.8542181e+000  1.2758638e+000  5.3295345e+000  3.7859678e+000  7.8377170e+000  9.1409033e+000  3.6112462e+000  9.1104408e+000
  3.4827690e-001  9.0450673e+000  9.3074088e+000  5.8999620e+000  5.6448070e-001  8.8215950e+000  8.4951559e+000  5.6873972e+000
  6.7604999e-001  3.8321314e+000  7.4040232e+000  5.2232751e+000  4.9675926e+000  8.3019879e+000  1.6776212e-001  2.6405857e+000
  3.2970552e-001  2.8931382e+000  8.9386617e+000  1.6310447e+000  9.8897867e+000  1.3130238e+000  4.6729958e+000  3.7015935e+000
  8.7356492e+000  2.9487556e+000  2.7282505e+000  8.0891006e-001  1.8634583e+000  7.6000935e+000  9.0960902e+000  6.4462290e+000
  7.0159505e+000  4.5074200e-001  8.9025137e+000  6.7261976e+000  1.6487301e+000  5.0256448e+000  5.3181945e+000  6.2400254e+000
  5.6917419e+000  5.7767195e+000  9.3748779e+000  6.1560213e-001  6.5899664e+000  9.9398104e-001  6.0866887e+000  8.0435228e+000
  5.2193295e+000  2.9764795e+000  6.6064817e+000  5.9771736e+000  6.1548877e-001  8.9116381e+000  9.5333413e+000  1.8087621e+000
  9.8803174e+000  4.2790597e+000  7.5898240e+000  9.2316604e+000  8.7211575e+000  9.6336461e+000  2.9676029e+000  7.1003870e+000
  8.7420068e+000  8.2860132e+000  3.5209422e-001  9.0613581e+000  6.2793250e+000  5.7259608e+000  7.3818696e+000  5.0822153e+000
  1.4023837e+000  6.5713596e+000  5.9299376e+000  5.1336663e+000  2.4461991e+000  9.7350563e+000  9.1621430e+000  6.5200955e+000
  5.1462647e+000  4.8105260e+000  6.8171873e-001  3.8884314e+000  8.0520322e+000  7.8665564e+000  1.1997723e+000  4.1197639e+000
  2.5272006e+000  5.8747934e+000  3.6733428e-001  6.8163013e+000  8.2681992e+000  6.9991063e+000  3.5177200e+000  4.8914741e+000
  2.6597054e+000  7.6492646e+000  5.8437933e+000  5.3855646e+000  9.9067478e+000  7.6915799e+000  5.8609808e+000  7.9085326e+000
  7.6419931e-001  4.7431653e+000  8.4972750e+000  4.0307936e+000  2.3679757e+000  5.4148854e+000  3.6890720e+000  7.5852152e+000
  3.4630837e+000  9.6745292e+000  3.5580712e+000  1.9319444e+000  9.1055875e-001  3.1323482e+000  9.5834379e+000  6.3846428e+000
  3.3312215e+000  3.4301569e+000  8.9484294e+000  5.0416004e+000  5.6222344e+000  7.8934455e+000  3.5092831e+000  2.2018003e+000
  7.6041942e-001  8.2185678e-001  3.0971615e+000  8.5549558e+000  4.7429734e+000  3.2423714e+000  4.6004382e+000  6.7417461e+000
  8.4282524e+000  7.5821527e-001  2.5984989e+000  6.8755907e+000  4.3249927e+000  3.2372647e+000  4.6072046e-001  3.1035309e+000
  6.1557188e+000  2.4301465e+000  8.4471660e+000  8.8279739e+000  9.2825614e+000  5.6263375e+000  3.0298568e+000  7.7014681e+000
  6.1258516e+000  6.8657642e+000  8.3905442e-001  7.1410775e+000  2.9837897e+000  2.3319138e+000  3.1744415e+000  2.8201832e+000
