  9.3985419e-001  9.7979772e+000  6.5322075e+000
  8.6723280e+000  3.0139846e-001  7.6093838e+000
  6.1887465e+000  7.2074550e+000  4.6385001e+000
  7.1419750e-002  1.9348585e+000  9.1451774e-001
  9.4224811e+000  8.4943222e+000  1.3728307e+000
  3.8489689e-001  1.4816306e+000  1.8476410e+000
  8.5655328e+000  8.5337570e+000  4.9403807e+000
  2.7465381e+000  9.6737974e+000  9.9052933e+000
  3.2979342e+000  2.6829877e+000  2.1592282e+000
  3.6505444e+000  1.5401728e+000  1.6502200e+000
  9.4578981e+000  5.1746739e+000  1.8373397e-001
  1.2208515e+000  9.5184785e+000  2.7018035e+000
  8.9519170e+000  7.7553208e+000  9.0882093e+000
  9.5928872e+000  7.5252634e-001  2.8513346e+000
  9.7057173e+000  5.6811329e+000  2.7397034e+000
  1.5519206e+000  2.6881183e+000  4.3388944e+000
  4.2524649e+000  6.1438927e+000  4.4680540e+000
  3.4270895e-001  3.9877045e+000  9.7945008e+000
  9.1238705e+000  3.2415902e+000  2.9051652e+000
  7.7914419e+000  3.9441211e+000  8.8232597e+000
  4.6637798e+000  4.2493118e+000  4.5521004e+000
  9.5578228e-001  7.3346032e+000  1.3001752e+000
  2.5965848e+000  5.9166668e+000  2.2761818e+000
  6.3009501e-001  1.8324716e+000  6.2424199e+000
  1.3718742e+000  1.8893346e+000  9.5661705e+000
  2.3720288e+000  6.6015753e+000  4.2959679e-002
  3.0958436e+000  2.2397071e+000  6.9528940e+000
  8.5181529e+000  5.5905960e+000  5.7033238e+000
  8.5888634e+000  4.4634584e+000  3.8338124e+000
  3.0503997e+000  1.0110778e+000  3.7193937e+000
  6.4322663e+000  7.7665623e+000  4.3003405e+000
  2.7907466e+000  4.7804778e+000  3.1474159e+000
  7.4316127e+000  1.4431119e+000  6.8265094e-001
  7.4395528e+000  8.3573362e+000  7.2066298e+000
  1.6285338e+000  2.0123984e+000  8.8196153e+000
  1.8704983e+000  7.2488226e+000  8.8355264e+000
  8.4297232e+000  5.3804628e+000  2.0958907e+000
  8.4330239e+000  2.1534031e+000  7.1672588e+000
  4.7126433e+000  4.6050403e+000  9.4252821e+000
  8.0638662e+000  4.0154021e+000  3.2139435e+000
  7.1896949e+000  1.9306404e+000  4.8998678e+000
  1.3991989e+000  9.4719538e+000  6.3094339e+000
  7.0776162e+000  5.2964638e+000  6.5242692e+000
  6.1801788e+000  5.0208736e+000  4.8537247e+000
  9.1654986e+000  4.3261859e+000  4.2699826e+000
  5.1042636e+000  9.6370287e+000  2.7535028e+000
  1.1680255e+000  7.6933052e+000  7.6571950e+000
  1.6931825e+000  9.3012047e+000  2.0820851e+000
  6.0161119e+000  6.0737107e+000  4.6885490e+000
  7.2345871e+000  4.0811065e+000  5.9761385e+000
  1.2184161e+000  3.4995333e+000  5.4674561e+000
  8.1496582e-001  2.8945717e+000  6.7681623e+000
  4.9921509e+000  5.8478244e-001  7.3606131e-001
  3.3607115e+000  9.8495967e+000  7.5166392e+000
  8.8286534e+000  5.1188993e+000  3.7620281e+000
  2.4576182e+000  1.6400328e+000  6.5860385e+000
  1.5760323e+000  2.7660578e+000  2.9870875e+000
  2.2865200e+000  6.7011779e+000  9.8166560e+000
  6.1917265e+000  9.7182949e+000  4.9217126e+000
  5.9709697e+000  5.4338282e+000  1.2977077e+000
  1.4906418e+000  2.5854888e+000  5.2871190e+000
  7.1853424e+000  5.0081931e+000  8.9398132e+000
  4.6235540e+000  2.8759735e+000  9.2636710e+000
  8.7733005e+000  2.1323793e+000  1.1440128e+000
  5.7410301e+000  4.6637223e+000  3.7403862e+000
  4.5560211e+000  7.0602833e+000  9.2950792e+000
  3.9847501e-001  9.6618864e+000  8.8796826e+000
  1.0954099e-001  9.7725869e+000  3.8552828e+000
  5.1028809e+000  5.5163034e+000  9.5889345e+000
  4.7670543e+000  8.7781554e+000  3.8987784e+000
  3.0743480e+000  3.2020967e+000  4.6129558e+000
  7.0674137e+000  3.6729704e+000  9.4143940e+000
  7.4539555e+000  9.0907331e+000  5.8455254e+000
  5.6683072e-001  5.5673650e+000  2.9613608e-002
  4.0749129e+000  2.3344587e+000  5.3531377e+000
  7.0863440e+000  5.8706054e+000  2.3919124e+000
  3.3691934e-002  1.8907284e+000  4.9120369e+000
  1.2277601e+000  1.3303154e+000  3.1418083e+000
  4.0879333e+000  2.8231911e+000  6.3059038e+000
  6.5425376e+000  1.9346842e+000  9.4600046e-001
  5.5823959e+000  4.1764127e+000  1.1044731e+000
  1.1128057e+000  2.3602246e+000  1.3865412e+000
  3.4644210e+000  9.2875669e+000  8.8831665e+000
  7.4470334e-001  4.1979729e+000  3.9672436e+000
  9.7395415e+000  2.3789516e+000  1.0857639e+000
  4.4812578e-001  9.5995632e+000  8.0164426e+000
  7.6574867e+000  6.0823207e+000  9.8904159e+000
  4.9588805e+000  2.5304129e+000  1.9596121e+000
  7.1088428e+000  9.8761869e+000  3.3461965e+000
  3.4528038e+000  9.1606263e-001  6.3160107e+000
  8.8736294e+000  4.2652745e+000  8.9077401e+000
  7.9692956e+000  8.5828124e+000  4.2709626e+000
  9.1699488e-001  2.5058290e+000  5.9377141e+000
  9.1405403e+000  6.6329274e+000  4.9965255e+000
  8.6360488e-001  4.0807195e-001  7.5156377e+000
  6.6490650e-001  9.2325690e+000  5.4360550e-001
  5.7353439e+000  4.3919857e+000  2.7368748e-001
  2.3855286e+000  1.2730131e+000  6.3032881e+000
  1.0999719e+000  4.3543170e+000  9.0187851e+000
  7.3064362e+000  9.8096007e+000  5.8820887e+000
