  7.0057951e+000  2.4187230e+000
  2.9092574e+000  2.7743872e+000
  3.7471114e+000  4.3693278e+000
  2.9086033e+000  2.4251631e+000
  8.6019024e+000  3.9722826e+000
  5.6499609e+000  4.8961939e+000
  9.8974014e+000  1.8367570e+000
  3.2632572e-001  3.3195802e+000
  6.4436646e+000  1.6923796e+000
  5.4327024e+000  2.5141348e+000
  9.1547660e+000  8.9559653e+000
  4.4273998e+000  3.1175495e+000
  7.5379177e+000  1.3194748e+000
  3.9587096e+000  8.8552123e+000
  8.4408072e+000  2.8807064e+000
  4.8837964e+000  7.2903612e+000
  2.1627621e+000  9.7633451e+000
  3.0440358e+000  9.6770288e+000
  1.9002548e+000  1.7993239e-002
  8.6772679e+000  1.1830791e+000
  5.9819453e+000  6.0431351e+000
  7.5074041e-002  6.8893336e+000
  8.7353646e+000  1.1327645e+000
  2.4193683e+000  5.6033331e+000
  3.0080909e+000  7.9814171e+000
  7.8109227e+000  3.5109843e+000
  7.0870462e+000  9.9292844e+000
  1.1356634e+000  9.1287543e+000
  8.5180595e+000  8.0991380e+000
  2.4719986e+000  5.4188841e-001
  7.7723243e+000  5.1106409e+000
  9.9038528e+000  5.0093992e+000
  1.7388314e+000  6.2563639e+000
  7.5098538e+000  1.5351880e+000
  1.4395080e+000  8.5060766e+000
  2.7519649e+000  6.0109731e-002
  4.9740828e+000  5.3784284e+000
  7.2284357e+000  6.6808593e+000
  5.5049535e+000  9.5987508e+000
  8.0857071e+000  9.8453235e+000
  2.1383700e+000  3.4630061e-001
  1.3794557e-001  4.7371075e+000
  2.4895228e+000  3.8642280e+000
  8.3088648e+000  8.2464682e+000
  3.8056017e+000  9.2586854e+000
  7.3763307e+000  9.4691600e+000
  7.9187918e+000  4.5217350e+000
  3.9043083e+000  7.3837651e+000
  5.2329906e+000  4.2991530e+000
  3.2340138e+000  1.1087022e+000
  3.2990398e+000  3.4210517e+000
  5.3168531e+000  5.2112205e+000
  1.2026277e+000  6.2545015e+000
  3.3461939e+000  5.7461656e+000
  1.9856307e+000  6.7245096e+000
  1.9915718e+000  2.9828415e+000
  8.8990423e+000  5.0141459e+000
  5.3395818e+000  5.7424955e+000
  1.4763663e-001  7.0276480e+000
  3.8126610e+000  6.4931535e-001
  2.3425124e+000  2.0350405e+000
  3.9343459e+000  5.3575171e-001
  7.7499418e+000  1.6529762e+000
  3.1920578e+000  3.2977967e+000
  7.6721474e+000  6.9973149e-001
  1.5820978e+000  2.8644587e+000
  1.4114982e+000  5.1208665e+000
  9.2884514e+000  7.3210385e+000
  4.0731960e+000  2.3949170e+000
  2.1907736e+000  8.4238790e+000
  8.1623529e+000  7.9387760e+000
  3.0952498e+000  6.8757925e+000
  7.6993388e+000  8.2958085e+000
  5.9533642e+000  7.5287412e+000
  8.6513265e+000  6.8027694e-001
  9.8756312e-001  5.4697709e+000
  1.0704016e+000  7.2416617e+000
  7.8296819e+000  5.6662058e+000
  5.7677586e+000  9.4402919e+000
  5.0760221e+000  7.8882317e+000
  8.2880170e+000  3.2248159e+000
  2.7821104e+000  7.2830805e-001
  8.3118862e+000  9.2233809e+000
  8.0406926e+000  5.3825033e+000
  8.2075025e+000  9.5190651e+000
  7.0867106e+000  2.3492644e+000
  2.6812443e+000  8.3251332e+000
  6.4975098e+000  7.0395283e+000
  6.8765255e+000  5.6835392e+000
  6.3457948e+000  3.6322862e+000
  3.6869972e+000  4.6839876e+000
  9.1053578e+000  2.0643102e+000
  5.7412562e+000  4.8693244e+000
  5.7959346e+000  8.7832770e+000
  4.4087647e+000  8.4258001e-001
  5.3931058e+000  7.6805790e+000
  5.8736174e+000  4.5897387e+000
  6.6083609e+000  3.5387917e+000
  2.5371810e+000  9.5252815e+000
  1.5840608e+000  3.6129706e+000
