  2.1064715e+000  1.8961823e+000  2.0831556e+000  7.1334538e+000  2.5269641e+000  2.7001501e+000  4.8175736e+000  2.2067373e+000
  6.3773402e+000  7.4975431e+000  4.9242140e+000  6.1738876e+000  3.1945311e+000  3.0249909e+000  1.4178950e+000  8.4434238e+000
  9.0883233e+000  1.1320918e+000  6.1386060e+000  2.8390411e+000  5.0813201e+000  5.3887511e+000  5.2150509e-001  4.3708248e+000
  9.1833899e+000  6.9145310e+000  1.1592526e+000  3.5962279e+000  3.0605572e+000  3.0224808e+000  5.6144549e+000  7.9609897e+000
  7.9117053e+000  4.1876895e+000  7.3952975e+000  3.5752315e+000  9.4982208e+000  7.5014657e+000  1.9577498e-001  7.5516714e+000
  3.4775387e+000  7.1285211e-001  8.5508862e+000  9.4353348e-001  5.4956788e+000  9.1552513e+000  5.2201158e+000  5.1965484e-001
  6.9118923e+000  2.6137754e+000  8.9590754e+000  4.5971243e+000  2.3201904e+000  1.9594289e+000  8.4969384e+000  7.4160856e+000
  1.0708840e+000  8.3617292e+000  4.5491539e+000  6.5062995e+000  9.0442259e+000  1.1070563e+000  6.0382951e+000  1.6382466e-001
  9.0567165e+000  5.4761898e+000  6.4420631e+000  2.3587690e+000  6.2057364e+000  7.8982273e-001  6.4575110e+000  1.7629981e+000
  9.7032416e+000  6.6919347e+000  3.3181133e+000  4.5788702e+000  2.4949346e-001  5.2310464e+000  9.8919196e+000  7.2336370e+000
  5.9072982e+000  5.7317989e+000  5.0767429e+000  1.4554639e+000  2.9094873e+000  5.0114407e+000  1.4186985e+000  4.0638340e+000
  8.0937994e+000  4.7059896e+000  6.7412168e+000  7.5717956e+000  1.8209979e+000  6.1963918e+000  7.6992708e+000  4.2108626e+000
  4.8878020e+000  2.1683296e+000  8.3291238e+000  5.0154388e+000  1.0273168e+000  3.6435991e+000  8.2080202e+000  1.2284353e+000
  7.3662472e+000  7.1066494e+000  1.0533493e+000  9.5860447e+000  4.2369288e+000  5.6011344e+000  9.8782771e-001  4.8311766e+000
  3.0846983e+000  1.3091637e+000  3.4351860e+000  6.6306038e+000  5.1620266e+000  7.9666689e+000  5.7659557e+000  6.6873960e-001
  9.0867944e+000  8.8950847e+000  9.8980616e+000  3.2365545e+000  9.8742047e+000  6.1386477e+000  6.5208153e+000  6.0134609e+000
  6.1044657e+000  3.7723868e+000  1.7464661e+000  5.9914205e-001  1.5235264e+000  3.8341859e+000  1.3083867e-001  9.6537353e+000
  9.5560365e+000  2.8959718e-001  3.9717881e+000  2.7781002e+000  3.6185310e+000  7.8045331e+000  4.4566402e+000  5.7312258e-001
  5.3081488e+000  7.6676806e+000  6.1462919e+000  9.3243288e+000  7.8157675e+000  7.5490274e+000  3.2621716e+000  5.2198126e+000
  5.1123845e+000  6.6210009e+000  2.3130982e+000  9.8256929e+000  8.5919485e-001  4.1267841e+000  9.8528423e+000  4.8525881e+000
  1.1220454e-001  7.6855152e+000  7.4155954e+000  2.1734675e+000  3.9732140e+000  2.6256387e+000  7.8638620e-001  2.2011974e+000
  5.1529624e+000  8.3900917e+000  4.1315207e+000  4.0217557e+000  9.5268693e+000  3.3509818e+000  1.3375020e+000  6.9543644e+000
  4.8752464e+000  5.0569245e+000  4.6257606e-002  1.8846875e+000  7.7963944e+000  6.1082595e+000  7.9245686e+000  8.3790045e+000
  8.1434100e-001  8.0614057e+000  1.3477700e+000  5.6991435e+000  5.7469151e+000  1.6102751e-001  9.3482832e+000  6.1478003e+000
  4.2177281e+000  7.0276717e+000  4.7069664e+000  4.0889293e+000  9.8863602e+000  4.8525074e+000  1.1726274e+000  8.5808592e+000
  3.1637913e+000  3.7752715e+000  8.6988166e+000  5.3143327e+000  2.5155509e-001  2.4835525e+000  7.2368048e+000  4.3238118e+000
  1.8940906e+000  2.1447801e+000  4.9489458e+000  3.3000832e-001  3.7262426e+000  3.5667667e+000  2.7470654e+000  2.6439892e+000
  1.3168375e+000  8.0308400e+000  3.0440306e+000  3.4284621e+000  6.5934118e+000  3.8964488e-001  7.7214284e+000  6.9008458e+000
  6.2018585e-001  6.8746662e+000  7.2569489e+000  8.4652940e+000  5.5380007e+000  8.4239674e+000  4.8918888e-001  7.5880444e+000
  8.7442909e+000  3.3094324e+000  5.1849967e+000  4.5394521e+000  1.7950307e+000  8.4739946e+000  4.6425975e-001  5.2359607e+000
  9.0327390e+000  5.4125697e+000  9.8684974e-001  8.5708363e+000  4.2737969e-001  1.4204175e+000  2.1749765e+000  7.7746207e+000
  2.5323778e-001  8.3377961e+000  3.6319781e+000  7.8856180e+000  8.7965966e+000  6.7650784e+000  5.4524406e+000  8.9888885e+000
  9.0939292e-001  3.4239332e-001  3.2417423e+000  1.6606576e+000  9.9807859e+000  4.1548520e+000  7.5433338e+000  6.9331350e+000
  9.1226008e+000  3.1067977e+000  2.0471707e+000  7.2878818e-001  5.8720069e+000  5.4248662e+000  6.4408582e+000  5.9800526e+000
  1.6255018e+000  7.6492073e+000  9.8330033e+000  1.4314644e+000  8.2770338e+000  8.8113280e+000  7.0450278e-001  4.7786535e+000
  7.3373691e+000  8.1624528e+000  5.3348006e+000  5.6083340e+000  3.4652609e+000  5.5075565e+000  2.1102709e-001  7.3677121e+000
  8.3631966e+000  3.3120368e-001  9.1217234e+000  9.4925178e-001  8.5090801e+000  5.2219982e+000  1.6366456e-001  1.2917716e+000
  7.2178737e+000  3.7025222e-001  1.7616934e+000  2.3243664e+000  7.1501279e+000  7.7058606e+000  5.8937948e+000  8.7293879e+000
  9.8392905e+000  2.5996142e+000  6.9066914e+000  5.9674380e+000  2.7932890e+000  2.7920991e+000  6.8376771e+000  8.1128107e+000
  3.6937269e+000  8.0623709e+000  9.5833099e+000  9.9373484e+000  4.2557227e+000  4.3315299e+000  3.3844557e+000  4.5466784e+000
  7.5570028e+000  9.9239393e+000  2.0307341e+000  3.7541697e+000  7.0867018e+000  1.6349795e+000  3.2396205e+000  8.0901225e+000
  3.2838809e+000  4.6199820e+000  3.5233017e+000  7.3539561e-001  5.0519307e+000  2.7419997e+000  5.6763544e+000  2.7511112e-001
  4.2361196e+000  6.4529572e+000  3.0611807e+000  2.9078458e+000  4.3051544e+000  5.5027424e+000  1.2246105e+000  1.3042505e+000
  1.0692340e+000  9.3037179e-001  1.8857291e+000  6.8349551e+000  5.4148259e+000  5.2140692e+000  9.4181658e+000  6.3750124e+000
  4.2444159e+000  2.4835759e+000  9.3598728e+000  8.0212840e+000  7.6163382e+000  6.1752840e-001  9.0665380e+000  6.5562812e+000
  5.4524193e+000  3.0531878e+000  8.8515984e-001  4.2153451e+000  3.6753337e+000  8.5252859e+000  9.8392398e+000  5.3853120e-001
  9.9906704e+000  4.1501736e+000  3.8064798e+000  1.0457956e+000  5.8961222e+000  1.4632063e+000  3.7657572e+000  9.3635247e+000
  2.4293414e+000  7.4211940e+000  3.2663775e+000  3.6995938e+000  4.9279405e+000  2.0061841e+000  2.8756732e+000  2.9259307e+000
  4.7811281e+000  9.3192001e+000  8.3622974e+000  2.8997568e+000  9.5807500e+000  7.2304833e+000  8.6480786e+000  5.2324984e+000
  9.6001536e+000  6.7220804e+000  6.5466756e-001  9.7913614e+000  2.9484503e+000  9.4990885e+000  1.7341987e+000  9.0459885e-003
  8.5053675e+000  3.3640900e+000  9.8330103e-001  6.2811910e+000  4.0041670e+000  9.2805243e+000  8.8060566e+000  6.1908086e+000
  2.0905330e+000  2.5829775e+000  4.1248750e-002  9.0452690e-001  5.9582002e+000  2.9931273e+000  7.7543380e+000  6.4238993e+000
  2.8334014e+000  1.3585484e+000  5.6349551e+000  1.4425621e+000  8.5605342e+000  3.0408434e-001  8.5032386e+000  2.3280049e+000
  5.6390433e-001  7.0764640e+000  1.8412115e+000  9.9460256e+000  5.1669970e+000  5.3815101e+000  2.7151400e+000  3.7825698e+000
  5.1541855e+000  4.6893368e+000  1.5416716e+000  2.1512608e+000  6.4517282e+000  6.0613917e+000  1.8234512e+000  8.6769146e+000
  9.7453763e+000  2.8548482e+000  9.4908100e+000  6.0760531e+000  7.7648781e+000  6.3481960e-001  5.9115702e+000  8.9975753e+000
  5.3283479e+000  7.9857564e+000  6.5509598e+000  4.6305783e+000  5.5731705e+000  7.4303364e+000  5.1432168e+000  1.2078236e+000
  9.2485901e+000  5.8939731e+000  5.3922342e+000  9.3726526e+000  2.5562896e+000  9.1190009e+000  5.5711614e+000  7.3868489e+000
  1.3970590e+000  9.7348858e+000  4.2453977e+000  7.6211646e-001  1.0792619e+000  9.7224132e+000  5.7035334e+000  4.8382488e+000
  2.1820438e+000  6.9490292e+000  2.4575686e+000  6.3361906e+000  9.6013714e+000  7.2642199e+000  9.6965830e+000  7.6214090e+000
  4.4679024e+000  6.3836197e+000  3.0713779e+000  4.4340593e+000  6.6526995e+000  8.2227717e+000  3.1902131e+000  6.5704504e+000
  1.5744603e+000  3.0507655e+000  1.0510129e+000  8.7062182e+000  6.7895067e+000  8.2687522e+000  9.4606932e+000  6.3060391e+000
  5.5599497e+000  9.8743097e+000  6.2690151e+000  8.5201697e+000  4.9025062e+000  1.9958755e-001  2.4383140e+000  5.5007506e+000
  4.7431208e+000  1.7453117e+000  3.2538313e+000  1.1038631e+000  4.2823651e+000  7.1899060e+000  7.6761659e+000  9.2718520e+000
  3.3249821e+000  8.8055951e+000  5.2560974e+000  2.6734029e+000  1.6821682e+000  4.5011187e-001  1.7077493e+000  9.2577541e+000
  8.3414934e+000  1.5181501e+000  8.5587612e+000  5.9856753e+000  1.9776826e+000  7.9753052e+000  7.8738565e+000  9.5585083e-001
  6.0281210e+000  3.2509848e+000  2.6728487e+000  7.8929975e+000  6.1661344e+000  6.8646421e+000  6.9743330e+000  9.3202059e+000
  6.0688622e+000  4.8986765e+000  5.2970138e+000  2.2186913e+000  7.4818090e+000  2.5815390e+000  1.9911398e+000  8.7152337e+000
  3.6340214e-001  4.3799367e+000  6.5687628e-001  9.7938642e+000  6.2890006e+000  6.5632808e+000  3.2790605e+000  4.7549986e+000
  2.0002815e+000  8.5849473e+000  6.7540105e-001  3.1074856e+000  8.2662273e+000  6.1186841e+000  9.1460037e+000  8.8411044e+000
  9.5820191e+000  4.5229670e+000  8.8855814e+000  4.6485039e+000  5.8522136e+000  1.1679012e-001  7.2843539e+000  4.1530035e+000
  5.9625642e+000  4.6878595e-002  9.3945478e+000  6.9141204e+000  2.7179808e+000  7.5373733e+000  6.5833192e+000  2.8371013e+000
  6.0216072e-001  6.7742727e+000  9.2288310e+000  4.6663868e+000  3.6881017e+000  9.1739393e+000  1.1573036e-001  9.2923520e+000
  8.2123702e+000  8.5773689e+000  1.1057689e+000  7.0499940e+000  5.5166643e+000  5.2062779e+000  3.1373175e+000  1.6141492e+000
  6.7106660e+000  5.2395080e+000  6.0780046e+000  7.6031494e+000  1.6386253e+000  4.9436169e+000  7.6468803e+000  3.0081148e+000
  6.7980762e+000  3.2846118e+000  5.3826367e+000  8.3781693e+000  2.4297688e+000  1.9484056e-001  6.0747865e+000  5.3879304e+000
  9.1994101e+000  9.3599522e+000  4.8862953e+000  6.9762784e+000  5.1658565e+000  2.8523355e+000  9.4504849e-002  2.9294972e+000
  1.5509237e+000  2.2557761e+000  8.7762203e+000  6.0572756e+000  6.4681381e+000  6.9182879e-001  2.1854565e+000  7.7999428e+000
  7.0616423e-001  6.5721858e+000  5.1965944e+000  9.4752964e+000  2.0850671e-001  7.2871784e+000  3.9851786e+000  6.8724630e+000
  7.5804556e+000  5.0722591e-001  6.4241008e+000  5.0077491e+000  5.3008977e+000  7.3825153e+000  2.7456845e+000  2.3803565e+000
  9.6009444e+000  1.6620636e+000  3.7859389e+000  9.6802381e-001  9.3456239e+000  8.0291587e+000  7.3020533e+000  7.9471341e+000
  3.6169015e+000  1.6133366e+000  8.8637059e+000  9.0199869e+000  7.5858214e+000  3.6179213e+000  4.9622488e+000  6.5868549e+000
  1.4305715e+000  3.0813312e+000  3.4744130e+000  1.3953846e+000  2.1623853e+000  5.5582169e+000  5.1183740e-001  4.1735263e+000
  8.7927304e+000  6.0147944e+000  4.6497205e+000  8.1542064e+000  3.2212491e+000  3.7638944e+000  1.3801572e+000  6.5359239e+000
  2.3368635e+000  9.7878212e+000  9.4302144e+000  9.8106385e+000  6.6963966e-001  1.9525747e+000  4.2340596e+000  5.3707643e+000
  6.2590940e+000  5.0255940e+000  7.9177705e+000  7.1035192e+000  5.6940488e+000  1.5709878e+000  6.2560336e+000  9.2583332e+000
  7.2317358e+000  1.8755843e+000  8.6013173e+000  1.2905990e+000  7.4347161e+000  4.7878444e-001  6.4969944e+000  5.9537120e-001
  1.7172453e+000  8.8046418e-001  3.0454280e+000  6.7159515e+000  2.0444330e+000  9.7480967e+000  3.9559668e-001  4.9179107e+000
  4.0501614e+000  5.7081958e-001  6.3033699e+000  2.1458123e+000  6.2970941e+000  3.9456094e+000  7.9610770e+000  8.7903694e+000
  7.0248260e+000  4.2067223e+000  6.4385583e+000  7.8308994e-001  3.8074997e+000  4.3768922e+000  4.0695144e+000  2.7378619e+000
  7.3789795e+000  8.7940004e+000  7.7248802e+000  3.5832893e-001  5.5431633e+000  5.8817449e+000  2.4618851e+000  3.9838626e+000
  3.0183560e+000  4.8963439e+000  7.8128715e+000  4.4997697e+000  8.3324041e+000  6.7667458e+000  8.6629064e-001  9.8071847e+000
  2.0767939e+000  9.5608668e-001  6.2521467e-001  2.5782018e-001  3.3412694e+000  5.5680660e+000  8.4593942e+000  6.2675422e+000
  2.1063615e+000  2.5391483e+000  6.5197371e+000  3.2891677e+000  5.2317395e+000  1.2471656e+000  4.5269629e+000  9.9259586e+000
  6.1911717e-001  2.9296126e+000  5.5227183e+000  7.4012728e+000  3.1840450e+000  4.9385818e+000  6.2866864e+000  7.5314630e+000
  1.3688053e+000  9.0696210e+000  3.7887659e+000  5.2962221e+000  9.8861500e+000  9.5820931e+000  8.1764608e+000  4.2389547e+000
  4.4449589e+000  3.8026035e+000  7.0723517e+000  2.3891612e+000  1.7576511e+000  2.3814677e+000  2.8359162e+000  4.0648714e-001
  9.4249898e+000  7.8783661e+000  2.4143222e+000  6.9597555e+000  1.5257509e-001  7.6854751e+000  3.3189269e+000  3.2233009e+000
  3.8416497e+000  2.1862672e+000  5.6332208e+000  2.2063333e+000  1.6263705e+000  3.9964005e+000  2.0394941e-001  4.2327013e+000
  4.4860029e-001  1.8912412e+000  2.0133633e+000  6.0034962e+000  2.3172246e+000  5.6654788e+000  5.5074967e+000  3.3800629e+000
