  3.2419646e+000  7.1603734e+000  5.5292871e+000
  1.4228174e+000  3.8036356e+000  3.9656925e+000
  5.7674170e+000  1.9401503e-001  5.7758006e+000
  9.3219609e+000  1.0687278e+000  7.3214976e+000
  9.7052279e+000  6.0888554e+000  7.1966561e+000
  3.0275233e+000  4.5902239e+000  4.8028613e-001
  3.8535211e+000  3.6171638e+000  2.8758406e+000
  8.1671274e+000  4.5052809e+000  8.0663252e+000
  7.9017294e+000  2.8295787e+000  6.8309239e-001
  5.4930728e-001  6.3752264e+000  4.2428558e+000
  9.0553135e+000  4.1732088e+000  1.5405833e+000
  5.3999926e+000  9.3709137e+000  6.6095506e+000
  3.9465744e+000  2.5899054e+000  8.4791216e+000
  9.4505607e+000  3.7699984e+000  6.7280185e-001
  1.8158177e+000  5.7574762e+000  1.8588503e+000
  2.9144836e+000  4.6166411e+000  3.4697744e+000
  3.1816572e+000  4.5991458e+000  2.3589492e+000
  2.7752038e-001  6.5845346e+000  1.5880356e+000
  8.0266260e+000  4.0857977e+000  3.2739188e+000
  7.4601473e+000  7.4635192e+000  1.7395496e+000
  1.1754480e+000  1.7403752e+000  6.2740916e+000
  8.4189026e+000  5.1008285e+000  1.6576374e+000
  7.1430528e+000  9.0703730e+000  2.1853774e+000
  8.7096145e+000  2.1183594e+000  8.3666494e+000
  8.5930169e+000  5.2337747e+000  4.7736279e+000
  8.8988313e+000  6.5076200e-001  5.0945613e+000
  6.2079795e+000  7.3356744e+000  2.2999623e+000
  2.1871876e-001  1.3898889e+000  7.6950745e+000
  9.6976518e+000  3.8679442e+000  9.9342779e+000
  3.2639347e+000  1.3716104e+000  3.8475363e+000
  5.6263583e+000  6.3383543e+000  5.4160638e+000
  3.1499342e+000  1.5932672e+000  1.5261623e+000
  1.3695077e+000  7.0980312e+000  4.6486447e+000
  1.1327118e+000  7.0087885e+000  1.7998614e+000
  8.0366808e+000  5.1395610e+000  5.4843836e+000
  2.0784476e+000  7.8458887e+000  5.2648963e+000
  5.7102336e+000  4.2204076e+000  7.2115631e+000
  7.3138311e-001  5.9486192e+000  8.6197736e+000
  4.4880106e+000  6.5257739e+000  3.0347312e+000
  6.0743995e+000  2.7890231e+000  7.9956234e+000
  7.9616912e+000  9.5408690e+000  4.4433817e+000
  4.5688281e+000  5.9981714e+000  8.4262183e+000
  3.1200453e-001  1.8727014e+000  9.4359440e+000
  9.4792214e+000  4.5298439e+000  8.1083255e+000
  9.2887920e+000  6.7271728e+000  3.7233228e+000
  4.0569569e+000  4.3882392e+000  6.7864920e+000
  4.6507033e+000  9.5326417e+000  3.5469798e+000
  3.3902086e+000  8.9586005e+000  5.4543426e+000
  7.4928372e+000  1.2487720e+000  4.5323482e+000
  7.4749438e-001  6.6334061e+000  7.0365164e+000
  9.1895057e+000  6.6007191e+000  6.9010492e+000
  8.5372361e+000  4.6790172e+000  4.5847868e+000
  8.0610419e+000  8.2476724e+000  1.9043610e+000
  2.5673208e-001  5.6814960e-001  1.4293558e+000
  1.7141874e+000  6.2584478e+000  2.9515208e-001
  4.7233227e+000  6.7844277e+000  1.1478897e+000
  2.3606392e+000  2.8908060e+000  1.7275629e+000
  3.2370612e+000  8.0111010e+000  2.9963370e+000
  7.7562572e+000  5.5277083e+000  5.5469172e+000
  7.3064729e+000  7.7362482e+000  9.0084710e+000
  1.3816716e+000  7.9407682e+000  1.8941337e+000
  2.8974383e-001  1.2738719e+000  1.3373569e+000
  1.2831096e+000  9.3525979e+000  2.7323006e+000
  9.4267926e+000  6.3815050e+000  8.7253082e+000
  3.6707324e+000  2.3620190e+000  1.8731824e+000
  5.4564926e+000  2.5511646e+000  3.0582361e+000
  1.5548619e-001  5.8748809e+000  9.6255831e+000
  8.4984767e+000  7.9402971e-002  6.3402554e+000
  3.5929114e+000  1.1405962e+000  5.4081793e+000
  4.1642138e+000  5.1709850e+000  8.8612288e+000
  1.4939591e+000  4.3467652e+000  5.9038808e-001
  3.8103006e+000  7.2236947e+000  9.5119229e-001
  6.6719040e+000  2.9640055e+000  5.9856276e+000
  1.5185199e+000  4.3637711e+000  1.2682301e-001
  2.2902295e+000  2.6367965e+000  5.1138523e+000
  2.1508489e+000  3.4610979e+000  7.4781709e+000
  4.1361945e+000  5.5752562e-001  3.9002814e+000
  4.7448394e+000  8.2532072e+000  3.0364357e+000
  8.2179014e+000  5.6567976e+000  5.4381617e-001
  2.6001418e+000  5.8910355e+000  4.7973362e+000
  1.9865062e+000  2.3901266e+000  7.8019348e+000
  6.1730992e+000  1.4412880e+000  7.1613202e+000
  4.0150643e+000  4.6238537e+000  7.0728201e+000
  4.0121055e+000  1.4385401e-001  7.4640442e-001
  5.9106817e+000  4.4600152e+000  9.2662060e+000
  9.4893356e-001  3.7541878e+000  5.4599886e+000
  1.1167837e+000  9.0446323e+000  6.3327700e+000
  9.0541164e+000  6.3055294e+000  1.4228277e-001
  3.1647779e+000  1.1187074e+000  6.2946313e+000
  6.0709448e-001  6.7399492e+000  4.7743909e+000
  3.0554580e+000  5.1633298e+000  7.0702825e+000
  8.1361098e+000  3.1580834e+000  3.1130218e+000
  3.4497687e+000  6.6630489e+000  8.6107163e+000
  7.6177925e+000  8.7583758e+000  8.7123550e+000
  1.7279040e+000  8.5022398e+000  9.5958838e+000
  7.7020699e+000  8.7501535e+000  6.7413476e-001
  6.4679222e+000  3.2409659e+000  6.4034691e+000
  8.7975103e+000  3.7363768e+000  7.6673756e+000
  1.6808666e+000  5.1972468e+000  6.2745561e+000
  7.1391369e+000  3.0639611e+000  2.6368711e+000
