  8.8278971e+000  4.9357265e+000
  6.2285065e+000  5.6216510e+000
  7.2166088e+000  5.4676991e+000
  7.8444141e+000  4.4635262e+000
  9.1190797e+000  8.6587049e-001
  9.9893736e+000  7.2758109e+000
  5.5840667e+000  1.4282413e+000
  8.3763693e+000  7.2524734e+000
  4.1737969e+000  2.7317069e+000
  3.1470758e+000  5.8169604e+000
  6.8935827e+000  8.6386763e+000
  2.1085873e+000  5.0675162e+000
  4.2504974e+000  2.3970008e+000
  7.5752325e+000  7.9191191e+000
  3.8587989e+000  3.1805437e+000
  4.8092515e+000  2.7850592e+000
  1.5803618e+000  3.9540801e+000
  2.8545605e+000  2.4305064e+000
  6.4251966e+000  9.5692374e+000
  1.8633553e+000  9.0951691e+000
  5.6874044e+000  1.9351647e+000
  7.0423844e+000  6.5157946e+000
  3.3189693e+000  5.2156867e+000
  2.4763439e-001  2.2272922e-001
  7.9852434e+000  1.0781226e+000
  6.8880704e+000  7.7502569e+000
  7.9149394e+000  7.0946904e+000
  9.4653790e+000  2.9801980e+000
  9.9582111e+000  5.5444726e+000
  6.5608849e+000  9.4534879e+000
  2.2463723e+000  9.8151810e+000
  1.7062159e+000  9.4106018e+000
  9.5696002e+000  1.7501473e+000
  5.4309814e-001  2.6820845e+000
  5.4600971e+000  7.7518648e+000
  6.0375943e+000  3.1609620e+000
  4.3335256e+000  8.4277908e+000
  6.2613272e+000  2.7254805e+000
  5.1453442e+000  8.8840050e+000
  1.7429594e+000  8.2006832e+000
  1.8119188e+000  9.7263673e-001
  3.1314806e-001  1.0175859e-001
  9.6744686e+000  8.8803754e+000
  4.9685367e-001  6.7020693e+000
  9.7662133e+000  2.2026612e+000
  8.4058600e-001  3.5886494e+000
  7.3318318e+000  6.0214422e+000
  4.5137081e+000  9.1280365e+000
  3.1772647e-002  5.1007973e+000
  1.4446092e+000  5.0464990e+000
  5.6821471e+000  6.4217022e+000
  2.0693382e+000  3.4018716e+000
  3.2747426e+000  6.1496486e+000
  5.9118974e+000  6.8792410e+000
  1.6643781e+000  6.5222747e+000
  7.6863766e+000  3.9576637e+000
  3.9626416e+000  6.9212023e+000
  2.3767300e+000  9.4888271e+000
  1.3575235e+000  5.1151548e+000
  4.1430757e-001  3.1240959e+000
  3.2177006e+000  9.4832230e+000
  2.0734123e+000  4.8934255e+000
  4.4467527e+000  8.2084837e+000
  1.7480215e-001  7.8851538e+000
  5.4079019e+000  4.5476433e-001
  5.1385044e+000  4.4562393e+000
  4.9136493e+000  6.5988949e+000
  5.0537024e+000  7.4185971e+000
  9.4384964e+000  7.9932510e+000
  4.3772642e+000  9.0312735e-001
  9.3356804e+000  3.7837630e+000
  7.5892233e+000  8.0379341e+000
  8.0423628e+000  5.9579358e+000
  3.2498698e+000  7.4834792e+000
  4.7647179e+000  5.1559061e+000
  4.8009464e+000  4.2401684e+000
  1.7601758e+000  2.8055660e+000
  8.7767125e+000  8.7385548e+000
  4.8958670e+000  6.0628163e+000
  7.1768731e+000  1.4002350e+000
  5.8305353e+000  1.9500006e+000
  6.3337718e-001  6.3901671e-001
  9.3986614e+000  5.2018438e+000
  1.5011602e+000  6.4659227e+000
  5.8378216e+000  3.1233377e+000
  6.7214415e+000  3.9705621e+000
  2.1951576e+000  2.4082078e+000
  3.8637584e+000  3.3501254e-001
  3.4672278e+000  5.5204202e+000
  5.5844004e+000  6.6814755e-001
  5.8193975e+000  4.7585771e+000
  6.6193516e+000  7.8609758e+000
  1.9002781e+000  9.6150856e+000
  5.3506134e+000  9.1451751e+000
  6.4566395e+000  1.5346941e+000
  5.2182003e-001  1.5050778e-001
  1.9636258e+000  5.2771229e+000
  1.4767194e+000  7.3133696e-001
  5.5483905e+000  9.8128272e+000
  1.6286113e+000  1.5659816e+000
