  8.3247503e+000  1.7512590e+000  8.7984219e+000
  8.4947600e+000  8.0671602e+000  1.8912515e+000
  2.5372766e+000  7.7854613e+000  8.1078454e+000
  9.1572315e+000  1.0098354e+000  1.3582459e+000
  1.8646485e-001  7.2832798e+000  8.1665787e+000
  4.8855638e+000  3.4744841e+000  7.7389100e+000
  8.2439671e+000  1.7306108e+000  8.6364346e+000
  1.9110374e+000  5.0352494e-001  5.4844947e+000
  8.2836367e+000  9.0854440e+000  7.0529674e+000
  5.8923159e+000  9.3889996e+000  8.9550201e+000
  7.9237832e+000  8.3616753e+000  5.6014109e+000
  2.5127513e+000  4.3194860e+000  4.3065287e+000
  6.7640949e-001  3.3990679e+000  1.7706207e+000
  7.2781949e+000  2.8820489e+000  2.3734167e+000
  2.2073028e+000  8.1754670e+000  3.7822906e+000
  9.3581329e+000  4.2648112e+000  6.0516004e+000
  3.6465095e+000  6.6444758e+000  3.1475508e+000
  2.9554473e+000  2.9536608e+000  9.0708207e+000
  2.0713965e+000  2.5819248e-001  1.7020894e+000
  9.6143961e+000  7.8365743e+000  6.7325646e+000
  4.2085428e+000  7.0373735e+000  4.8128662e+000
  4.3739020e+000  8.5997384e+000  8.8972340e-002
  2.7520106e+000  3.3516410e-001  1.5209996e+000
  8.8884234e+000  2.8341911e+000  7.8412703e+000
  7.3129355e+000  2.4662183e+000  8.1840926e-001
  6.8655216e+000  9.5811062e+000  9.8505560e+000
  9.0598045e+000  4.7664862e+000  8.8967125e+000
  1.2872483e+000  7.4064020e+000  3.9102021e+000
  6.0184835e+000  2.3885473e-001  3.8767098e+000
  6.8957056e+000  5.2039091e+000  7.6086459e-001
  4.3021287e+000  6.5931227e+000  2.1839117e+000
  4.6767167e+000  7.2867172e+000  6.1398384e+000
  2.5277936e+000  2.2009532e+000  2.3580499e+000
  7.0240905e+000  8.7850486e+000  7.1101123e+000
  4.3957743e+000  5.6279360e+000  9.9031132e+000
  3.3681827e+000  1.5545580e+000  4.1707912e+000
  2.9752119e-001  8.6670627e+000  8.9441424e+000
  2.0928700e+000  7.2159713e+000  6.9971610e+000
  1.7059305e+000  7.9437145e+000  8.8849964e+000
  9.3967160e+000  2.6085517e-003  4.3880502e+000
  2.3451551e+000  7.0698420e+000  6.9416437e+000
  3.2657362e+000  9.3233937e-001  4.1599353e-001
  3.2487449e+000  5.2182181e+000  9.5188788e+000
  4.7312162e+000  6.4937216e+000  6.6563591e+000
  8.0488967e+000  5.0278505e+000  4.3402971e+000
  5.5526399e+000  2.5500379e+000  7.5200568e-001
  6.7424207e+000  5.8801341e+000  5.3370226e+000
  3.2381120e+000  4.3098609e+000  7.6489780e+000
  2.6501829e+000  7.9206700e+000  1.3460926e+000
  4.5394649e+000  5.6297706e+000  2.3088280e+000
  6.7709583e+000  3.5407051e+000  5.1047231e+000
  5.9529295e+000  5.0611076e+000  7.7639926e+000
  3.1949364e+000  8.3214288e+000  6.6082156e+000
  1.9078430e-001  8.3695003e+000  1.1399786e+000
  3.3749673e+000  4.2943563e+000  7.9377867e+000
  6.0810184e+000  9.3062882e+000  6.3644376e+000
  6.9834613e+000  2.5710953e+000  6.9090150e+000
  5.4188423e+000  2.2214192e+000  9.0548733e+000
  7.8816497e-001  3.0929937e-001  6.2690080e+000
  3.1993530e+000  7.4517473e+000  2.8892840e+000
  5.1408099e+000  3.8751187e+000  9.7860976e+000
  5.9234256e+000  5.7135644e+000  6.1585599e+000
  2.7985940e+000  1.5184963e+000  7.3301251e+000
  8.0162231e+000  4.0641689e+000  8.3001144e+000
  4.2248306e+000  5.3904847e-001  7.8703677e+000
  5.0881938e+000  5.6768616e+000  3.0919087e+000
  3.3666085e+000  8.8335438e+000  3.3365592e+000
  8.0478383e+000  5.0238676e-001  4.0250513e+000
  4.1437594e+000  3.3052357e+000  6.3637235e+000
  7.8828398e+000  5.3840974e+000  7.4167045e+000
  4.4479461e+000  8.5040986e+000  4.9453486e+000
  7.9778819e+000  1.3304458e+000  2.3776975e+000
  5.3412040e+000  5.6696690e-001  4.6857500e+000
  6.8222116e+000  8.7090072e+000  4.9621057e+000
  1.8301932e+000  9.6121901e+000  7.5626148e+000
  6.7126665e+000  1.8605461e+000  2.8984196e+000
  4.4066222e-001  2.7955883e+000  1.7046962e+000
  9.0241793e+000  3.5198732e+000  1.0015852e+000
  4.6843243e+000  6.8734121e+000  6.8307853e+000
  6.5934253e+000  6.3342713e+000  5.2514601e+000
  5.1190601e+000  7.4833026e+000  4.1982692e+000
  6.8646773e+000  9.5572601e+000  3.0790646e+000
  3.8703357e+000  2.6175905e-001  6.3354641e+000
  3.6551141e+000  4.2145870e+000  4.6220027e+000
  2.2566169e+000  1.1593688e+000  1.3396611e+000
  4.9243297e+000  7.4821363e+000  3.1093516e+000
  6.1562167e+000  3.5757334e+000  6.4882907e+000
  1.0135321e+000  5.8830183e+000  5.8238219e+000
  4.5459983e+000  9.6670201e+000  1.8230696e+000
  6.2647449e+000  3.0129997e-001  6.4227306e+000
  3.9513602e+000  4.3734220e+000  8.4882778e-001
  8.7168198e+000  2.0690708e+000  9.4610032e-001
  6.6783658e+000  7.3242091e+000  6.3101045e+000
  3.1436233e+000  6.4146666e+000  5.6202690e+000
  1.2487704e+000  6.7402718e+000  6.8031128e+000
  8.2881969e+000  1.7810035e+000  9.4924063e+000
  2.1768066e+000  8.5219373e-002  3.0062658e+000
  5.8644845e+000  3.9655285e+000  1.8640277e+000
  1.5459384e+000  8.3230445e+000  1.4975207e+000
  7.5008998e+000  1.4890008e-001  1.4224650e+000
