1; 2222766; 2.344637; 0.305501; 2.650138
2; 2828448; 2.354475; 0.350290; 2.704765
3; 1860408; 2.407673; 0.311666; 2.719339
4; 1248768; 2.385420; 0.312961; 2.698381
5; 2419821; 2.365202; 0.328255; 2.693457
6; 1304380; 2.348154; 0.311790; 2.659944
7; 4498872; 2.357890; 0.339870; 2.697760
8; 3893325; 2.357767; 0.333833; 2.691600
9; 1562484; 2.342106; 0.333678; 2.675784
10; 1630300; 2.323060; 0.352220; 2.675280
11; 3384810; 2.352892; 0.316178; 2.669070
12; 1263780; 2.362964; 0.360836; 2.723800
13; 2661780; 2.344862; 0.307463; 2.652325
14; 1161088; 2.344518; 0.304602; 2.649120
15; 3140040; 2.361549; 0.304116; 2.665665
16; 2672514; 2.362055; 0.309120; 2.671175
17; 3297424; 2.342500; 0.304401; 2.646901
18; 2454400; 2.366829; 0.345306; 2.712135
19; 451080; 2.392651; 0.307057; 2.699708
20; 1939920; 2.340729; 0.326469; 2.667198
21; 2572416; 2.356909; 0.362607; 2.719516
22; 3180600; 2.337329; 0.312255; 2.649584
23; 123347; 2.353444; 0.339128; 2.692572
24; 2982240; 2.347816; 0.308080; 2.655896
25; 3497265; 2.334942; 0.340533; 2.675475
26; 2118690; 2.411675; 0.343789; 2.755464
27; 406560; 2.374685; 0.343525; 2.718210
28; 3440800; 2.437456; 0.429323; 2.866779
29; 2523300; 2.286469; 0.370698; 2.657167
30; 4615985; 2.399159; 0.340750; 2.739909
31; 17856; 2.384932; 0.424953; 2.809885
32; 475779; 2.422414; 0.420429; 2.842843
33; 433039; 2.460667; 0.428968; 2.889635
34; 174984; 2.463410; 0.374235; 2.837645
35; 1083444; 2.480872; 0.430437; 2.911309
36; 140790; 2.343578; 0.340370; 2.683948
37; 196236; 2.346552; 0.344891; 2.691443
38; 1059522; 2.411905; 0.336376; 2.748281
39; 3982027; 2.349872; 0.310051; 2.659923
40; 3682176; 2.326302; 0.316609; 2.642911
41; 4158630; 2.379504; 0.361059; 2.740563
42; 601524; 2.356766; 0.318050; 2.674816
43; 1769850; 2.446739; 0.327045; 2.773784
44; 1793400; 2.315218; 0.305962; 2.621180
45; 3848184; 2.436656; 0.355800; 2.792456
46; 3452462; 2.419228; 0.355289; 2.774517
47; 4203160; 2.339154; 0.366939; 2.706093
48; 2832368; 2.346450; 0.304688; 2.651138
49; 1249600; 2.398449; 0.353759; 2.752208
50; 1090980; 2.346857; 0.306737; 2.653594
51; 595188; 2.363632; 0.331061; 2.694693
52; 4928175; 2.401170; 0.312761; 2.713931
53; 2403324; 2.361807; 0.346114; 2.707921
54; 3488702; 2.343378; 0.314183; 2.657561
55; 3272610; 2.417429; 0.341663; 2.759092
56; 4141800; 2.376960; 0.353798; 2.730758
57; 1875627; 2.407186; 0.343913; 2.751099
58; 2421090; 2.424775; 0.322670; 2.747445
59; 1597856; 2.348250; 0.353868; 2.702118
60; 261000; 2.344222; 0.356748; 2.700970
61; 2073850; 2.345401; 0.322007; 2.667408
62; 1062087; 2.356948; 0.307179; 2.664127
63; 4070724; 2.356735; 0.356715; 2.713450
64; 598396; 2.366539; 0.367931; 2.734470
65; 1869049; 2.344964; 0.313764; 2.658728
66; 428296; 2.439474; 0.368812; 2.808286
67; 56088; 2.354621; 0.308061; 2.662682
68; 4487419; 2.350970; 0.328698; 2.679668
69; 2142000; 2.345371; 0.326816; 2.672187
70; 2265120; 2.391196; 0.304843; 2.696039
71; 1808850; 2.350323; 0.307292; 2.657615
72; 1991952; 2.369085; 0.309069; 2.678154
73; 1790019; 2.353958; 0.308951; 2.662909
74; 1098752; 2.379865; 0.315384; 2.695249
75; 2215200; 2.345973; 0.306170; 2.652143
76; 308264; 2.354353; 0.322940; 2.677293
77; 3527328; 2.340168; 0.362931; 2.703099
78; 1209677; 2.360123; 0.348168; 2.708291
79; 2208920; 2.350015; 0.345097; 2.695112
80; 4186368; 2.376691; 0.311960; 2.688651
81; 2271336; 2.338128; 0.326980; 2.665108
82; 1329536; 2.406778; 0.300708; 2.707486
83; 795564; 2.353759; 0.325450; 2.679209
84; 3954132; 2.349079; 0.323644; 2.672723
85; 4810158; 2.345617; 0.349107; 2.694724
86; 371106; 2.343658; 0.304888; 2.648546
87; 2877980; 2.358410; 0.340218; 2.698628
88; 4623840; 2.347952; 0.330757; 2.678709
89; 3835020; 2.363929; 0.311640; 2.675569
90; 356044; 2.347334; 0.349183; 2.696517
91; 29648; 2.350853; 0.337819; 2.688672
92; 1760880; 2.358509; 0.334297; 2.692806
93; 2032030; 2.404854; 0.312733; 2.717587
94; 306204; 2.348944; 0.347987; 2.696931
95; 2799930; 2.339568; 0.330402; 2.669970
96; 264000; 2.360823; 0.365945; 2.726768
97; 1293786; 2.344270; 0.310691; 2.654961
98; 1972080; 2.348879; 0.343988; 2.692867
99; 1146320; 2.365557; 0.351796; 2.717353
100; 3033576; 2.348275; 0.310815; 2.659090
101; 1236664; 2.343919; 0.315839; 2.659758
102; 3609606; 2.348345; 0.309249; 2.657594
103; 2492160; 2.345215; 0.300975; 2.646190
104; 2363625; 2.360489; 0.302087; 2.662576
105; 3919883; 2.366885; 0.329408; 2.696293
106; 2973024; 2.358509; 0.306784; 2.665293
107; 4254420; 2.364593; 0.323277; 2.687870
108; 2633922; 2.345619; 0.334991; 2.680610
109; 610080; 2.401056; 0.336877; 2.737933
110; 2230400; 2.342259; 0.324785; 2.667044
111; 1270074; 2.335198; 0.319133; 2.654331
112; 3415692; 2.360405; 0.365146; 2.725551
113; 4953200; 2.355750; 0.310001; 2.665751
114; 1186380; 2.387828; 0.334984; 2.722812
115; 208080; 2.343560; 0.304283; 2.647843
116; 3463614; 2.352842; 0.316460; 2.669302
117; 1744470; 2.347336; 0.305481; 2.652817
118; 2173770; 2.340882; 0.350184; 2.691066
119; 950040; 2.359568; 0.306701; 2.666269
120; 2460172; 2.344836; 0.324869; 2.669705
121; 26800; 2.398781; 0.353089; 2.751870
122; 937860; 2.348392; 0.341188; 2.689580
123; 2886345; 2.339751; 0.306977; 2.646728
124; 280618; 2.355079; 0.303218; 2.658297
125; 2225417; 2.373066; 0.317272; 2.690338
126; 766260; 2.351934; 0.308291; 2.660225
127; 31251; 2.423357; 0.307948; 2.731305
128; 4784352; 2.346443; 0.343931; 2.690374
129; 253638; 2.358447; 0.358308; 2.716755
130; 1586880; 2.350841; 0.312430; 2.663271
131; 4978980; 2.351926; 0.323932; 2.675858
132; 4400130; 2.418846; 0.312201; 2.731047
133; 2766393; 2.413473; 0.317792; 2.731265
134; 4719715; 2.405704; 0.333679; 2.739383
135; 510336; 2.353073; 0.321925; 2.674998
136; 4155395; 2.336255; 0.306357; 2.642612
137; 1172556; 2.359873; 0.309698; 2.669571
138; 1333800; 2.363352; 0.327868; 2.691220
139; 3396288; 2.428765; 0.306789; 2.735554
140; 128800; 2.344605; 0.320708; 2.665313
141; 1380687; 2.360624; 0.305380; 2.666004
142; 3984732; 2.343705; 0.357576; 2.701281
143; 4883112; 2.346370; 0.310938; 2.657308
144; 874800; 2.417709; 0.341917; 2.759626
145; 258876; 2.350350; 0.304623; 2.654973
146; 2425717; 2.349259; 0.357015; 2.706274
147; 1221480; 2.358322; 0.340848; 2.699170
148; 494208; 2.372017; 0.327630; 2.699647
149; 763200; 2.347051; 0.344048; 2.691099
150; 1827328; 2.350213; 0.336644; 2.686857
151; 323472; 2.320442; 0.334286; 2.654728
152; 96390; 2.417232; 0.341828; 2.759060
153; 1073520; 2.456044; 0.319942; 2.775986
154; 4446000; 2.361819; 0.309628; 2.671447
155; 4202604; 2.340286; 0.307455; 2.647741
156; 2655744; 2.369373; 0.306265; 2.675638
157; 1794569; 2.358220; 0.351686; 2.709906
158; 247884; 2.344936; 0.308089; 2.653025
159; 3184330; 2.353991; 0.349443; 2.703434
160; 3831696; 2.344158; 0.351337; 2.695495
161; 404616; 2.362133; 0.344379; 2.706512
162; 1241472; 2.350303; 0.344298; 2.694601
163; 2159616; 2.347298; 0.373129; 2.720427
164; 4857359; 2.362399; 0.341087; 2.703486
165; 798000; 2.363974; 0.343717; 2.707691
166; 1074160; 2.355754; 0.349667; 2.705421
167; 833910; 2.339760; 0.306347; 2.646107
168; 4246074; 2.348891; 0.363035; 2.711926
169; 138720; 2.365776; 0.308320; 2.674096
170; 4920696; 2.362846; 0.308683; 2.671529
171; 3378420; 2.406504; 0.334377; 2.740881
172; 317680; 2.352876; 0.310636; 2.663512
173; 153972; 2.345090; 0.299538; 2.644628
174; 4036812; 2.355595; 0.306047; 2.661642
175; 3504384; 2.343578; 0.340162; 2.683740
176; 2212470; 2.418861; 0.320726; 2.739587
177; 613720; 2.339731; 0.338941; 2.678672
178; 2466972; 2.345893; 0.343047; 2.688940
179; 2366224; 2.353991; 0.334371; 2.688362
180; 1957200; 2.358565; 0.315099; 2.673664
181; 4147200; 2.356546; 0.327525; 2.684071
182; 952904; 2.408428; 0.306428; 2.714856
183; 1246727; 2.383712; 0.302026; 2.685738
184; 1097450; 2.352854; 0.315075; 2.667929
185; 966339; 2.340755; 0.328766; 2.669521
186; 1136637; 2.364401; 0.321030; 2.685431
187; 3281928; 2.359951; 0.347571; 2.707522
188; 1161300; 2.355253; 0.305127; 2.660380
189; 2351804; 2.344017; 0.358366; 2.702383
190; 1264788; 2.358119; 0.358509; 2.716628
191; 3222828; 2.387642; 0.319492; 2.707134
192; 3196816; 2.441297; 0.334339; 2.775636
193; 2215600; 2.366297; 0.338435; 2.704732
194; 419016; 2.339095; 0.351832; 2.690927
195; 4716616; 2.350303; 0.307852; 2.658155
196; 2632200; 2.354575; 0.362740; 2.717315
197; 690768; 2.350680; 0.304542; 2.655222
198; 1678752; 2.357506; 0.315308; 2.672814
199; 458055; 2.364403; 0.350035; 2.714438
200; 2169360; 2.347235; 0.322077; 2.669312
201; 2440830; 2.343279; 0.316619; 2.659898
202; 4300456; 2.342373; 0.315279; 2.657652
203; 1918800; 2.403321; 0.347949; 2.751270
204; 539728; 2.364987; 0.317254; 2.682241
205; 1091748; 2.357125; 0.318029; 2.675154
206; 3096360; 2.344569; 0.304511; 2.649080
207; 2993000; 2.352643; 0.352387; 2.705030
208; 1477224; 2.344570; 0.310433; 2.655003
209; 1337838; 2.385074; 0.353916; 2.738990
210; 421920; 2.411362; 0.307895; 2.719257
211; 2623725; 2.346928; 0.332813; 2.679741
212; 404910; 2.345932; 0.352668; 2.698600
213; 3033990; 2.347220; 0.307522; 2.654742
214; 2835660; 2.364775; 0.332854; 2.697629
215; 750168; 2.345823; 0.333942; 2.679765
216; 1884276; 2.342093; 0.301465; 2.643558
217; 2897500; 2.345041; 0.360157; 2.705198
218; 3433248; 2.344434; 0.334093; 2.678527
219; 965848; 2.338640; 0.364207; 2.702847
220; 3364900; 2.345000; 0.306218; 2.651218
221; 3033600; 2.337924; 0.318796; 2.656720
222; 2053436; 2.341883; 0.306917; 2.648800
223; 2793882; 2.367047; 0.331646; 2.698693
224; 337635; 2.336597; 0.308886; 2.645483
225; 3462206; 2.350914; 0.314721; 2.665635
226; 2979900; 2.343426; 0.306515; 2.649941
227; 2861610; 2.340912; 0.364662; 2.705574
228; 2089725; 2.362530; 0.349179; 2.711709
229; 3894933; 2.356963; 0.311482; 2.668445
230; 991440; 2.346723; 0.344898; 2.691621
231; 3411408; 2.363532; 0.345170; 2.708702
232; 2480096; 2.343450; 0.308163; 2.651613
233; 1275648; 2.365444; 0.350675; 2.716119
234; 4954485; 2.335635; 0.302726; 2.638361
235; 1205200; 2.363827; 0.360254; 2.724081
236; 3578752; 2.354228; 0.332888; 2.687116
237; 1948890; 2.399881; 0.309005; 2.708886
238; 3882200; 2.340095; 0.309362; 2.649457
239; 980784; 2.346308; 0.313361; 2.659669
240; 3743060; 2.335890; 0.313663; 2.649553
241; 4023552; 2.357031; 0.360225; 2.717256
242; 4300560; 2.340403; 0.323310; 2.663713
243; 4159876; 2.346360; 0.334276; 2.680636
244; 4958415; 2.347326; 0.325006; 2.672332
245; 461250; 2.358294; 0.333038; 2.691332
246; 950796; 2.424744; 0.367371; 2.792115
247; 1217700; 2.335111; 0.344234; 2.679345
248; 2365900; 2.350356; 0.320032; 2.670388
249; 227205; 2.345854; 0.325574; 2.671428
250; 2523617; 2.367293; 0.367062; 2.734355
251; 4120776; 2.352134; 0.301911; 2.654045
252; 4566672; 2.343235; 0.295203; 2.638438
253; 3828624; 2.369351; 0.348042; 2.717393
254; 310245; 2.349911; 0.338682; 2.688593
255; 2217200; 2.399917; 0.314556; 2.714473
256; 199692; 2.352693; 0.319896; 2.672589
257; 3864480; 2.341782; 0.322811; 2.664593
258; 3213000; 2.355665; 0.363748; 2.719413
259; 1314816; 2.344583; 0.310599; 2.655182
260; 1584720; 2.361238; 0.356132; 2.717370
261; 1056480; 2.345799; 0.338262; 2.684061
262; 2273850; 2.350186; 0.304366; 2.654552
263; 1542618; 2.361160; 0.348572; 2.709732
264; 573888; 2.358920; 0.341138; 2.700058
265; 2599776; 2.420237; 0.306669; 2.726906
266; 1519000; 2.345361; 0.361407; 2.706768
267; 1205464; 2.391287; 0.317706; 2.708993
268; 902970; 2.347161; 0.349338; 2.696499
269; 2542806; 2.435064; 0.354392; 2.789456
270; 3800106; 2.350249; 0.316219; 2.666468
271; 3603600; 2.345357; 0.360947; 2.706304
272; 1079232; 2.338997; 0.308651; 2.647648
273; 3589560; 2.389806; 0.313710; 2.703516
274; 4006656; 2.344760; 0.361556; 2.706316
275; 4471269; 2.341927; 0.306774; 2.648701
276; 290320; 2.404966; 0.309880; 2.714846
277; 2444904; 2.349007; 0.311646; 2.660653
278; 3988710; 2.360335; 0.333129; 2.693464
279; 2600730; 2.353867; 0.306649; 2.660516
280; 3929555; 2.343798; 0.304771; 2.648569
281; 3512484; 2.349541; 0.323966; 2.673507
282; 2948280; 2.342747; 0.325374; 2.668121
283; 452400; 2.341458; 0.364126; 2.705584
284; 1189020; 2.343144; 0.308899; 2.652043
285; 839808; 2.358239; 0.330095; 2.688334
286; 1903872; 2.362542; 0.346344; 2.708886
287; 122892; 2.344023; 0.314576; 2.658599
288; 2415420; 2.351212; 0.349224; 2.700436
289; 1045972; 2.344284; 0.366076; 2.710360
290; 2323552; 2.347455; 0.335661; 2.683116
291; 142600; 2.351357; 0.359763; 2.711120
292; 1794000; 2.410165; 0.333286; 2.743451
293; 2135952; 2.342985; 0.307535; 2.650520
294; 22320; 2.339435; 0.321293; 2.660728
295; 3186820; 2.350043; 0.346541; 2.696584
296; 2447504; 2.349491; 0.301238; 2.650729
297; 1453590; 2.359670; 0.329106; 2.688776
298; 2525600; 2.337902; 0.302148; 2.640050
299; 3871032; 2.354574; 0.307802; 2.662376
300; 2682720; 2.337428; 0.332270; 2.669698
301; 1292382; 2.335992; 0.302463; 2.638455
302; 1741950; 2.396807; 0.314993; 2.711800
303; 3896064; 2.357256; 0.306231; 2.663487
304; 3573625; 2.346584; 0.315408; 2.661992
305; 3871152; 2.344287; 0.300896; 2.645183
306; 3366858; 2.344803; 0.314702; 2.659505
307; 348288; 2.343427; 0.359209; 2.702636
308; 3283200; 2.404657; 0.333920; 2.738577
309; 694320; 2.369904; 0.324967; 2.694871
310; 4891680; 2.347381; 0.369710; 2.717091
311; 2352000; 2.356053; 0.328668; 2.684721
312; 159676; 2.354016; 0.311962; 2.665978
313; 580146; 2.410124; 0.346994; 2.757118
314; 4050900; 2.398769; 0.353283; 2.752052
315; 728842; 2.368950; 0.316794; 2.685744
316; 1110000; 2.350417; 0.346869; 2.697286
317; 147576; 2.360832; 0.314722; 2.675554
318; 2506176; 2.334803; 0.359214; 2.694017
319; 4631667; 2.354819; 0.323479; 2.678298
320; 2946944; 2.348292; 0.355350; 2.703642
321; 952776; 2.364648; 0.322222; 2.686870
322; 4895280; 2.361092; 0.336386; 2.697478
323; 1206711; 2.377434; 0.310136; 2.687570
324; 4967018; 2.348936; 0.342691; 2.691627
325; 2180796; 2.382280; 0.328078; 2.710358
326; 2079474; 2.355215; 0.303434; 2.658649
327; 3092130; 2.333560; 0.301218; 2.634778
328; 1223847; 2.344702; 0.350699; 2.695401
329; 188125; 2.364015; 0.332886; 2.696901
330; 193104; 2.343226; 0.358274; 2.701500
331; 564604; 2.338997; 0.332002; 2.670999
332; 4678674; 2.352909; 0.363400; 2.716309
333; 479302; 2.339222; 0.339745; 2.678967
334; 2716224; 2.358089; 0.306172; 2.664261
335; 4281840; 2.368031; 0.321494; 2.689525
336; 4303310; 2.343648; 0.366089; 2.709737
337; 3848481; 2.355737; 0.347542; 2.703279
338; 4448730; 2.340933; 0.326016; 2.666949
339; 709800; 2.344570; 0.323186; 2.667756
340; 724890; 2.344851; 0.301895; 2.646746
341; 1602000; 2.344462; 0.306149; 2.650611
342; 4989195; 2.359516; 0.370067; 2.729583
343; 3276; 2.383996; 0.327485; 2.711481
344; 3009312; 2.352070; 0.308471; 2.660541
345; 524055; 2.340286; 0.306629; 2.646915
346; 4049136; 2.345225; 0.319137; 2.664362
347; 3790800; 2.361149; 0.344915; 2.706064
348; 1044000; 2.383112; 0.309290; 2.692402
349; 321125; 2.391171; 0.310866; 2.702037
350; 305256; 2.343773; 0.350454; 2.694227
351; 4590960; 2.337953; 0.340664; 2.678617
352; 1074640; 2.353412; 0.324292; 2.677704
353; 950820; 2.352381; 0.315645; 2.668026
354; 1036748; 2.336469; 0.309746; 2.646215
355; 3575418; 2.354921; 0.362255; 2.717176
356; 2354835; 2.353375; 0.359931; 2.713306
357; 2147904; 2.341204; 0.313486; 2.654690
358; 4438280; 2.359424; 0.322017; 2.681441
359; 3683625; 2.358265; 0.302494; 2.660759
360; 4365364; 2.345773; 0.325204; 2.670977
361; 891990; 2.357683; 0.329708; 2.687391
362; 2539680; 2.369428; 0.355615; 2.725043
363; 4813458; 2.338893; 0.315770; 2.654663
364; 3740100; 2.353906; 0.348977; 2.702883
365; 1895894; 2.348044; 0.309040; 2.657084
366; 755440; 2.367866; 0.348736; 2.716602
367; 3456000; 2.337186; 0.318159; 2.655345
368; 3675980; 2.347476; 0.361704; 2.709180
369; 461472; 2.346665; 0.344386; 2.691051
370; 4206384; 2.347156; 0.368702; 2.715858
371; 1980531; 2.362667; 0.326365; 2.689032
372; 337858; 2.343309; 0.322469; 2.665778
373; 310695; 2.342629; 0.316427; 2.659056
374; 738804; 2.356548; 0.368159; 2.724707
375; 4798374; 2.357633; 0.311964; 2.669597
376; 2462400; 2.354282; 0.320785; 2.675067
377; 733642; 2.346954; 0.345472; 2.692426
378; 4064720; 2.344131; 0.323384; 2.667515
379; 1692000; 2.350072; 0.359390; 2.709462
380; 1251315; 2.332537; 0.315323; 2.647860
381; 2824080; 2.348372; 0.300369; 2.648741
382; 234416; 2.337359; 0.303263; 2.640622
383; 922340; 2.343080; 0.337386; 2.680466
384; 3910200; 2.342904; 0.309305; 2.652209
385; 3300528; 2.358460; 0.352639; 2.711099
386; 1395508; 2.347336; 0.308345; 2.655681
387; 1052372; 2.348021; 0.308880; 2.656901
388; 2895948; 2.365828; 0.314791; 2.680619
389; 1544320; 2.356148; 0.348006; 2.704154
390; 1694016; 2.350006; 0.365794; 2.715800
391; 3738680; 2.347418; 0.314677; 2.662095
392; 762840; 2.350733; 0.305943; 2.656676
393; 216090; 2.346097; 0.296234; 2.642331
394; 4792788; 2.350676; 0.313751; 2.664427
395; 1645875; 2.349776; 0.330224; 2.680000
396; 1617280; 2.347007; 0.334058; 2.681065
397; 4479552; 2.358353; 0.324707; 2.683060
398; 2383800; 2.349215; 0.347139; 2.696354
399; 1464192; 2.344563; 0.308971; 2.653534
400; 3397212; 2.358360; 0.310769; 2.669129
401; 2209350; 2.363456; 0.349164; 2.712620
402; 2270149; 2.340717; 0.304701; 2.645418
403; 3293444; 2.343337; 0.360517; 2.703854
404; 479210; 2.393822; 0.305651; 2.699473
405; 1347012; 2.346710; 0.313656; 2.660366
406; 1541883; 2.347997; 0.332305; 2.680302
407; 2546460; 2.348214; 0.314431; 2.662645
408; 2561732; 2.347611; 0.350949; 2.698560
409; 1941060; 2.356306; 0.310447; 2.666753
410; 3758368; 2.374256; 0.330978; 2.705234
411; 3833620; 2.335447; 0.305560; 2.641007
412; 2342400; 2.344401; 0.310702; 2.655103
413; 1448128; 2.344484; 0.365833; 2.710317
414; 2386800; 2.343481; 0.306112; 2.649593
415; 442772; 2.371767; 0.316841; 2.688608
416; 3780; 2.346512; 0.366706; 2.713218
417; 2421384; 2.353911; 0.361948; 2.715859
418; 503880; 2.343972; 0.336847; 2.680819
419; 1185536; 2.358028; 0.337158; 2.695186
420; 1075824; 2.342773; 0.341578; 2.684351
421; 716912; 2.339911; 0.314961; 2.654872
422; 4321728; 2.361502; 0.358025; 2.719527
423; 1280448; 2.397544; 0.306819; 2.704363
424; 821340; 2.354994; 0.322807; 2.677801
425; 171592; 2.364590; 0.299835; 2.664425
426; 391200; 2.349319; 0.340485; 2.689804
427; 299880; 2.342101; 0.337186; 2.679287
428; 188000; 2.342109; 0.341610; 2.683719
429; 4358222; 2.345613; 0.307312; 2.652925
430; 2555280; 2.342883; 0.309293; 2.652176
431; 1554960; 2.302617; 0.329615; 2.632232
432; 2039475; 2.344748; 0.343315; 2.688063
433; 1284248; 2.373785; 0.313664; 2.687449
434; 3442302; 2.382306; 0.339822; 2.722128
435; 4305200; 2.359085; 0.345058; 2.704143
436; 9240; 2.334943; 0.303931; 2.638874
437; 2650500; 2.355119; 0.300425; 2.655544
438; 1259296; 2.342886; 0.304425; 2.647311
439; 1886598; 2.355217; 0.322263; 2.677480
440; 1212822; 2.357142; 0.361934; 2.719076
441; 1603980; 2.350524; 0.366511; 2.717035
442; 326360; 2.346208; 0.351557; 2.697765
443; 335040; 2.345858; 0.362525; 2.708383
444; 1649674; 2.345169; 0.304773; 2.649942
445; 4355208; 2.366365; 0.309360; 2.675725
446; 2831664; 2.361890; 0.352682; 2.714572
447; 768471; 2.357358; 0.340648; 2.698006
448; 115632; 2.349899; 0.341606; 2.691505
449; 2628000; 2.343660; 0.309348; 2.653008
450; 4079680; 2.336036; 0.307392; 2.643428
451; 4030565; 2.341886; 0.346171; 2.688057
452; 3163424; 2.347911; 0.307374; 2.655285
453; 2067390; 2.340351; 0.327886; 2.668237
454; 1363124; 2.359285; 0.328429; 2.687714
455; 1543360; 2.369043; 0.347059; 2.716102
456; 1020544; 2.361434; 0.365341; 2.726775
457; 4165000; 2.350004; 0.366957; 2.716961
458; 1045950; 2.347739; 0.305139; 2.652878
459; 676704; 2.363522; 0.343454; 2.706976
460; 1329032; 2.406468; 0.323291; 2.729759
461; 1358720; 2.353684; 0.302104; 2.655788
462; 2470737; 2.350771; 0.343268; 2.694039
463; 287712; 2.356944; 0.349507; 2.706451
464; 1328208; 2.346980; 0.311622; 2.658602
465; 2664090; 2.365584; 0.355630; 2.721214
466; 2479400; 2.358293; 0.340928; 2.699221
467; 305200; 2.353282; 0.313835; 2.667117
468; 1130976; 2.355335; 0.303288; 2.658623
469; 2550075; 2.393488; 0.325629; 2.719117
470; 1378458; 2.347778; 0.307360; 2.655138
471; 3230136; 2.355799; 0.367059; 2.722858
472; 4849056; 2.339135; 0.320828; 2.659963
473; 1665605; 2.344535; 0.308889; 2.653424
474; 2911194; 2.344928; 0.330141; 2.675069
475; 2589048; 2.407276; 0.326283; 2.733559
476; 51744; 2.344308; 0.308484; 2.652792
477; 3015936; 2.354961; 0.344892; 2.699853
478; 40836; 2.348594; 0.352628; 2.701222
479; 4424097; 2.353424; 0.345910; 2.699334
480; 684216; 2.336290; 0.305850; 2.642140
481; 779960; 2.369356; 0.359377; 2.728733
482; 4863465; 2.340236; 0.366433; 2.706669
483; 904634; 2.348688; 0.309974; 2.658662
484; 2310050; 2.345509; 0.307288; 2.652797
485; 1642056; 2.342368; 0.312156; 2.654524
486; 4566240; 2.352007; 0.362775; 2.714782
487; 1905120; 2.340060; 0.307517; 2.647577
488; 1613640; 2.345949; 0.325080; 2.671029
489; 4740050; 2.353094; 0.343081; 2.696175
490; 4248300; 2.391999; 0.323480; 2.715479
491; 190962; 2.353352; 0.355536; 2.708888
492; 1736304; 2.368736; 0.346193; 2.714929
493; 3571300; 2.362352; 0.336339; 2.698691
494; 1474900; 2.342395; 0.345601; 2.687996
495; 187488; 2.344263; 0.317768; 2.662031
496; 4476912; 2.338599; 0.304725; 2.643324
497; 4782162; 2.372392; 0.312859; 2.685251
498; 925680; 2.342869; 0.317207; 2.660076
499; 782000; 2.337115; 0.362280; 2.699395
500; 2994312; 2.349094; 0.364175; 2.713269
501; 99528; 2.360562; 0.342197; 2.702759
502; 905502; 2.353906; 0.306891; 2.660797
503; 336204; 2.354795; 0.356775; 2.711570
504; 321651; 2.417240; 0.361532; 2.778772
505; 1330080; 2.347878; 0.366990; 2.714868
506; 3204432; 2.365727; 0.332534; 2.698261
507; 2463636; 2.338819; 0.308353; 2.647172
508; 836550; 2.382642; 0.346546; 2.729188
509; 526176; 2.348770; 0.305402; 2.654172
510; 2050944; 2.341494; 0.347448; 2.688942
511; 2392936; 2.350191; 0.333059; 2.683250
512; 2783750; 2.346681; 0.331897; 2.678578
513; 685980; 2.345821; 0.299446; 2.645267
514; 229500; 2.343578; 0.303350; 2.646928
515; 4924722; 2.350012; 0.363398; 2.713410
516; 277134; 2.338544; 0.301643; 2.640187
517; 575856; 2.336661; 0.309190; 2.645851
518; 834570; 2.366329; 0.367508; 2.733837
519; 3659040; 2.358945; 0.355670; 2.714615
520; 3649968; 2.349440; 0.306354; 2.655794
521; 192765; 2.348806; 0.320295; 2.669101
522; 2091636; 2.351477; 0.367087; 2.718564
523; 2202720; 2.349102; 0.302338; 2.651440
524; 90944; 2.346433; 0.350091; 2.696524
525; 3582222; 2.347604; 0.353910; 2.701514
526; 6300; 2.346558; 0.361552; 2.708110
527; 1342352; 2.355829; 0.312080; 2.667909
528; 1577280; 2.391679; 0.327170; 2.718849
529; 1337214; 2.338048; 0.307035; 2.645083
530; 235250; 2.354556; 0.359491; 2.714047
531; 2073575; 2.354116; 0.305298; 2.659414
532; 1623336; 2.369103; 0.332813; 2.701916
533; 1662210; 2.371377; 0.323427; 2.694804
534; 3662960; 2.354514; 0.360817; 2.715331
535; 4034368; 2.349505; 0.353884; 2.703389
536; 35972; 2.412222; 0.331713; 2.743935
537; 546612; 2.354435; 0.313961; 2.668396
538; 174840; 2.348363; 0.303400; 2.651763
539; 228780; 2.353245; 0.322539; 2.675784
540; 1853280; 2.352906; 0.344982; 2.697888
541; 3173646; 2.365419; 0.355941; 2.721360
542; 4140000; 2.380949; 0.308957; 2.689906
543; 1495368; 2.351077; 0.321596; 2.672673
544; 2446164; 2.341050; 0.330737; 2.671787
545; 2040714; 2.359809; 0.358339; 2.718148
546; 1492446; 2.416335; 0.315492; 2.731827
547; 2184775; 2.360059; 0.312885; 2.672944
548; 877569; 2.353548; 0.341814; 2.695362
549; 4692488; 2.350908; 0.332582; 2.683490
550; 4308360; 2.356270; 0.317681; 2.673951
551; 546930; 2.343636; 0.308606; 2.652242
552; 1979952; 2.341716; 0.355891; 2.697607
553; 1504790; 2.357039; 0.335445; 2.692484
554; 1278128; 2.395485; 0.312992; 2.708477
555; 2902140; 2.364762; 0.356639; 2.721401
556; 1606878; 2.368300; 0.365038; 2.733338
557; 1808586; 2.361517; 0.352430; 2.713947
558; 2241050; 2.349731; 0.308064; 2.657795
559; 4994784; 2.356708; 0.356155; 2.712863
560; 1266048; 2.349267; 0.305138; 2.654405
561; 2854170; 2.434994; 0.346231; 2.781225
562; 26846; 2.387580; 0.305795; 2.693375
563; 4272224; 2.379930; 0.336026; 2.715956
564; 4457400; 2.421202; 0.297929; 2.719131
565; 3755808; 2.356917; 0.302883; 2.659800
566; 4762560; 2.351973; 0.314597; 2.666570
567; 2659950; 2.350628; 0.308317; 2.658945
568; 917878; 2.352344; 0.325459; 2.677803
569; 1220940; 2.358868; 0.365240; 2.724108
570; 4343040; 2.342026; 0.357752; 2.699778
571; 3840230; 2.352706; 0.319012; 2.671718
572; 633780; 2.335129; 0.308629; 2.643758
573; 94710; 2.359341; 0.341743; 2.701084
574; 2013165; 2.354484; 0.346321; 2.700805
575; 2830440; 2.354993; 0.301761; 2.656754
576; 2488563; 2.343269; 0.303425; 2.646694
577; 4828860; 2.347113; 0.318518; 2.665631
578; 708726; 2.338272; 0.326153; 2.664425
579; 2182545; 2.345481; 0.337503; 2.682984
580; 3492276; 2.338379; 0.319875; 2.658254
581; 528428; 2.342272; 0.311665; 2.653937
582; 4458784; 2.347816; 0.339347; 2.687163
583; 1210718; 2.342119; 0.309982; 2.652101
584; 4603808; 2.349439; 0.302538; 2.651977
585; 1366200; 2.342401; 0.321443; 2.663844
586; 3167280; 2.339647; 0.304659; 2.644306
587; 2931120; 2.357933; 0.331256; 2.689189
588; 4565208; 2.342716; 0.316656; 2.659372
589; 1437870; 2.348373; 0.318698; 2.667071
590; 426972; 2.365244; 0.312116; 2.677360
591; 1979716; 2.352540; 0.317761; 2.670301
592; 1904760; 2.342325; 0.306987; 2.649312
593; 1308608; 2.338680; 0.312909; 2.651589
594; 1567434; 2.393969; 0.310508; 2.704477
595; 180404; 2.403252; 0.350943; 2.754195
596; 721458; 2.344687; 0.307545; 2.652232
597; 3649425; 2.414778; 0.364863; 2.779641
598; 1854375; 2.337785; 0.327056; 2.664841
599; 1873056; 2.353897; 0.309510; 2.663407
600; 4474512; 2.356849; 0.308434; 2.665283
601; 1149408; 2.347737; 0.362768; 2.710505
602; 93492; 2.429931; 0.330169; 2.760100
603; 4781322; 2.347179; 0.302853; 2.650032
604; 509040; 2.366178; 0.310330; 2.676508
605; 2762361; 2.399225; 0.338595; 2.737820
606; 174846; 2.366782; 0.337087; 2.703869
607; 1197909; 2.340515; 0.325325; 2.665840
608; 2305800; 2.341045; 0.310044; 2.651089
609; 2260125; 2.344378; 0.341593; 2.685971
610; 2073240; 2.348831; 0.313490; 2.662321
611; 2609088; 2.387593; 0.332253; 2.719846
612; 4527900; 2.368040; 0.349939; 2.717979
613; 2890272; 2.371769; 0.303554; 2.675323
614; 1596080; 2.346472; 0.366916; 2.713388
615; 4121480; 2.351082; 0.371708; 2.722790
616; 2058680; 2.338864; 0.321986; 2.660850
617; 3436416; 2.342620; 0.315030; 2.657650
618; 3472560; 2.352573; 0.326599; 2.679172
619; 1166880; 2.339504; 0.322218; 2.661722
620; 2560800; 2.350152; 0.350480; 2.700632
621; 4423545; 2.345195; 0.369292; 2.714487
622; 212160; 2.348542; 0.320264; 2.668806
623; 686800; 2.374905; 0.337002; 2.711907
624; 4995648; 2.392510; 0.299460; 2.691970
625; 3755388; 2.356404; 0.318641; 2.675045
626; 535920; 2.357648; 0.342201; 2.699849
627; 1526250; 2.340838; 0.302456; 2.643294
628; 4234011; 2.362426; 0.336018; 2.698444
629; 1095200; 2.355921; 0.362175; 2.718096
630; 4715760; 2.365788; 0.320852; 2.686640
631; 2423223; 2.351756; 0.304511; 2.656267
632; 1869900; 2.350429; 0.349317; 2.699746
633; 4433730; 2.353749; 0.363784; 2.717533
634; 1144416; 2.358894; 0.305923; 2.664817
635; 446022; 2.388932; 0.367285; 2.756217
636; 4372764; 2.352711; 0.305363; 2.658074
637; 4567872; 2.349669; 0.339752; 2.689421
638; 1410376; 2.361722; 0.322070; 2.683792
639; 4033320; 2.360617; 0.337238; 2.697855
640; 2159328; 2.361890; 0.361045; 2.722935
641; 1838176; 2.353723; 0.325727; 2.679450
642; 2599200; 2.424234; 0.359056; 2.783290
643; 4854656; 2.344336; 0.316744; 2.661080
644; 2020080; 2.348359; 0.309645; 2.658004
645; 1336632; 2.409501; 0.361134; 2.770635
646; 2164227; 2.345983; 0.320611; 2.666594
647; 2506196; 2.353628; 0.318469; 2.672097
648; 306603; 2.352595; 0.306153; 2.658748
649; 2309216; 2.370749; 0.306243; 2.676992
650; 2117180; 2.353768; 0.308779; 2.662547
651; 997107; 2.354793; 0.352863; 2.707656
652; 823368; 2.352254; 0.321420; 2.673674
653; 448695; 2.391526; 0.302384; 2.693910
654; 2944512; 2.360039; 0.371551; 2.731590
655; 1104660; 2.346182; 0.342468; 2.688650
656; 4209831; 2.362240; 0.355483; 2.717723
657; 1275144; 2.375139; 0.346927; 2.722066
658; 4197706; 2.339697; 0.357176; 2.696873
659; 4475640; 2.354113; 0.334791; 2.688904
660; 2523576; 2.359913; 0.306588; 2.666501
661; 3878784; 2.347037; 0.313892; 2.660929
662; 219648; 2.346486; 0.304989; 2.651475
663; 1473120; 2.337524; 0.304070; 2.641594
664; 4879728; 2.357892; 0.326709; 2.684601
665; 757680; 2.364887; 0.331743; 2.696630
666; 3038392; 2.397909; 0.309083; 2.706992
667; 2775564; 2.368492; 0.360498; 2.728990
668; 1419264; 2.359214; 0.331559; 2.690773
669; 1291248; 2.385050; 0.329923; 2.714973
670; 1367520; 2.354875; 0.304338; 2.659213
671; 335340; 2.336537; 0.367940; 2.704477
672; 171120; 2.357813; 0.366490; 2.724303
673; 533520; 2.345310; 0.353074; 2.698384
674; 4478528; 2.347004; 0.304690; 2.651694
675; 68208; 2.338277; 0.310176; 2.648453
676; 533862; 2.412727; 0.366136; 2.778863
677; 3317341; 2.399836; 0.326588; 2.726424
678; 4159188; 2.357252; 0.335198; 2.692450
679; 7854; 2.341879; 0.347084; 2.688963
680; 2676180; 2.344077; 0.308324; 2.652401
681; 2045712; 2.341327; 0.307377; 2.648704
682; 1656128; 2.359787; 0.344302; 2.704089
683; 104144; 2.349548; 0.304858; 2.654406
684; 412020; 2.348993; 0.307815; 2.656808
685; 439047; 2.344495; 0.362886; 2.707381
686; 3536988; 2.352253; 0.345375; 2.697628
687; 2147409; 2.345672; 0.320300; 2.665972
688; 2846870; 2.338763; 0.305040; 2.643803
689; 21852; 2.348466; 0.311275; 2.659741
690; 484704; 2.349829; 0.303043; 2.652872
691; 635250; 2.366698; 0.364972; 2.731670
692; 923835; 2.348907; 0.332753; 2.681660
693; 734344; 2.353377; 0.357438; 2.710815
694; 2475000; 2.339054; 0.310554; 2.649608
695; 2639250; 2.349772; 0.361194; 2.710966
696; 4745772; 2.398694; 0.298435; 2.697129
697; 4785300; 2.354584; 0.333045; 2.687629
698; 2695840; 2.372203; 0.326498; 2.698701
699; 2394522; 2.406122; 0.312270; 2.718392
700; 4484984; 2.343902; 0.308899; 2.652801
701; 4157244; 2.369404; 0.310759; 2.680163
702; 2549120; 2.349976; 0.317248; 2.667224
703; 1203090; 2.387764; 0.305969; 2.693733
704; 2513994; 2.349925; 0.317914; 2.667839
705; 2735280; 2.336649; 0.316815; 2.653464
706; 1377510; 2.367367; 0.339714; 2.707081
707; 3352536; 2.352666; 0.346502; 2.699168
708; 10746; 2.345732; 0.363623; 2.709355
709; 1111875; 2.342371; 0.363268; 2.705639
710; 3157164; 2.350550; 0.309160; 2.659710
711; 975821; 2.346801; 0.362809; 2.709610
712; 3349500; 2.332954; 0.306443; 2.639397
713; 3225680; 2.342319; 0.364119; 2.706438
714; 4837140; 2.357391; 0.341340; 2.698731
715; 3056400; 2.417529; 0.321413; 2.738942
716; 3257406; 2.343276; 0.315100; 2.658376
717; 867888; 2.354071; 0.327584; 2.681655
718; 4775517; 2.367031; 0.310760; 2.677791
719; 532950; 2.370173; 0.349419; 2.719592
720; 2703696; 2.336421; 0.305414; 2.641835
721; 3816516; 2.397777; 0.362760; 2.760537
722; 1934432; 2.370468; 0.304091; 2.674559
723; 3922300; 2.353749; 0.302153; 2.655902
724; 482035; 2.338688; 0.307724; 2.646412
725; 3499314; 2.347312; 0.308702; 2.656014
726; 4125000; 2.356860; 0.309018; 2.665878
727; 470250; 2.389156; 0.341538; 2.730694
728; 181000; 2.337137; 0.357249; 2.694386
729; 13188; 2.372480; 0.347344; 2.719824
730; 4798244; 2.346053; 0.303685; 2.649738
731; 2531620; 2.352182; 0.363114; 2.715296
732; 757500; 2.344387; 0.338827; 2.683214
733; 3790640; 2.341940; 0.366374; 2.708314
734; 2327511; 2.342082; 0.305238; 2.647320
735; 1708800; 2.342102; 0.354131; 2.696233
736; 2249236; 2.344306; 0.340714; 2.685020
737; 30500; 2.347656; 0.321402; 2.669058
738; 1154750; 2.347162; 0.316543; 2.663705
739; 3278352; 2.414576; 0.310158; 2.724734
740; 2558952; 2.345392; 0.311391; 2.656783
741; 1247562; 2.340272; 0.308760; 2.649032
742; 3834783; 2.338281; 0.356861; 2.695142
743; 1167232; 2.346309; 0.361306; 2.707615
744; 3795000; 2.377186; 0.360457; 2.737643
745; 3492060; 2.353742; 0.306605; 2.660347
746; 1958400; 2.378039; 0.360061; 2.738100
747; 4069260; 2.348919; 0.307928; 2.656847
748; 928948; 2.357846; 0.307901; 2.665747
749; 3899664; 2.350464; 0.310059; 2.660523
750; 202824; 2.398681; 0.330230; 2.728911
751; 1384360; 2.399016; 0.342687; 2.741703
752; 3881306; 2.336984; 0.325141; 2.662125
753; 4868976; 2.336741; 0.332885; 2.669626
754; 2972541; 2.339982; 0.369913; 2.709895
755; 2390112; 2.337439; 0.306241; 2.643680
756; 2090340; 2.357670; 0.360263; 2.717933
757; 133731; 2.349355; 0.314045; 2.663400
758; 212160; 2.401803; 0.339186; 2.740989
759; 584496; 2.362727; 0.328102; 2.690829
760; 2333432; 2.337704; 0.311899; 2.649603
761; 2663280; 2.337418; 0.301921; 2.639339
762; 3826368; 2.344447; 0.348599; 2.693046
763; 297472; 2.355753; 0.321208; 2.676961
764; 1257408; 2.338177; 0.310851; 2.649028
765; 1291840; 2.357475; 0.341706; 2.699181
766; 4594295; 2.354441; 0.338193; 2.692634
767; 1394640; 2.347690; 0.346239; 2.693929
768; 4998672; 2.353297; 0.342432; 2.695729
769; 3878280; 2.362423; 0.323139; 2.685562
770; 1758792; 2.342377; 0.340554; 2.682931
771; 464464; 2.346301; 0.354056; 2.700357
772; 155100; 2.346978; 0.327477; 2.674455
773; 424974; 2.340584; 0.306779; 2.647363
774; 4213782; 2.338315; 0.310801; 2.649116
775; 2818179; 2.363567; 0.350585; 2.714152
776; 4293240; 2.354781; 0.328425; 2.683206
777; 1095864; 2.347073; 0.317978; 2.665051
778; 4913440; 2.334287; 0.301514; 2.635801
779; 4210452; 2.335423; 0.307154; 2.642577
780; 2713128; 2.341633; 0.318185; 2.659818
781; 2237256; 2.346189; 0.320135; 2.666324
782; 174000; 2.349933; 0.301402; 2.651335
783; 43000; 2.341956; 0.362526; 2.704482
784; 3663912; 2.349595; 0.345455; 2.695050
785; 1780125; 2.341972; 0.351103; 2.693075
786; 2658080; 2.350313; 0.307293; 2.657606
787; 1365000; 2.343374; 0.332702; 2.676076
788; 556738; 2.349124; 0.305961; 2.655085
789; 3455760; 2.341844; 0.321597; 2.663441
790; 1010970; 2.342026; 0.340821; 2.682847
791; 377200; 2.351468; 0.335486; 2.686954
792; 1496208; 2.347553; 0.319999; 2.667552
793; 791817; 2.345565; 0.315036; 2.660601
794; 1683396; 2.457705; 0.352677; 2.810382
795; 2391144; 2.345954; 0.360840; 2.706794
796; 894474; 2.351656; 0.305365; 2.657021
797; 3848460; 2.345566; 0.356837; 2.702403
798; 301896; 2.344034; 0.312282; 2.656316
799; 1321920; 2.365040; 0.336954; 2.701994
800; 4317060; 2.360536; 0.312975; 2.673511
801; 1730520; 2.344790; 0.359951; 2.704741
802; 400680; 2.355580; 0.302898; 2.658478
803; 801108; 2.331857; 0.303963; 2.635820
804; 2295488; 2.364207; 0.338829; 2.703036
805; 1828431; 2.336472; 0.344210; 2.680682
806; 3081540; 2.358001; 0.326836; 2.684837
807; 731600; 2.348712; 0.343357; 2.692069
808; 4547664; 2.343981; 0.354049; 2.698030
809; 2820501; 2.385976; 0.365680; 2.751656
810; 1054872; 2.337984; 0.332813; 2.670797
811; 4754475; 2.385966; 0.361521; 2.747487
812; 1955184; 2.354479; 0.345218; 2.699697
813; 1082900; 2.345353; 0.350415; 2.695768
814; 355888; 2.338373; 0.316561; 2.654934
815; 1955646; 2.345311; 0.332044; 2.677355
816; 3390100; 2.358616; 0.302326; 2.660942
817; 153363; 2.343000; 0.341671; 2.684671
818; 2904570; 2.353056; 0.330567; 2.683623
819; 595238; 2.366590; 0.374258; 2.740848
820; 669130; 2.354907; 0.338349; 2.693256
821; 252945; 2.369295; 0.301408; 2.670703
822; 1461600; 2.352285; 0.365986; 2.718271
823; 1951236; 2.350683; 0.306079; 2.656762
824; 2135424; 2.337853; 0.309025; 2.646878
825; 3943488; 2.346337; 0.327356; 2.673693
826; 3699100; 2.350542; 0.331843; 2.682385
827; 3204696; 2.343653; 0.342556; 2.686209
828; 2167574; 2.373213; 0.319257; 2.692470
829; 1569321; 2.371783; 0.306994; 2.678777
830; 3101848; 2.356882; 0.318817; 2.675699
831; 1223508; 2.356507; 0.317197; 2.673704
832; 1414127; 2.369358; 0.335686; 2.705044
833; 4466850; 2.337916; 0.350637; 2.688553
834; 4030880; 2.351469; 0.322204; 2.673673
835; 4765338; 2.353672; 0.303518; 2.657190
836; 3727080; 2.349291; 0.315223; 2.664514
837; 3769038; 2.359895; 0.362245; 2.722140
838; 3410000; 2.344931; 0.314447; 2.659378
839; 790020; 2.352518; 0.324647; 2.677165
840; 1012851; 2.353062; 0.302157; 2.655219
841; 3862400; 2.358502; 0.306003; 2.664505
842; 3661056; 2.349297; 0.364742; 2.714039
843; 3964920; 2.339895; 0.329617; 2.669512
844; 186912; 2.349125; 0.348250; 2.697375
845; 2835360; 2.345819; 0.353302; 2.699121
846; 1995798; 2.338041; 0.311227; 2.649268
847; 4157472; 2.347459; 0.366041; 2.713500
848; 526876; 2.347699; 0.371286; 2.718985
849; 4224990; 2.425015; 0.349359; 2.774374
850; 4556250; 2.354072; 0.309513; 2.663585
851; 929424; 2.347103; 0.399045; 2.746148
852; 915416; 2.350252; 0.312663; 2.662915
853; 527352; 2.347213; 0.318030; 2.665243
854; 28800; 2.392871; 0.316872; 2.709743
855; 1543824; 2.399676; 0.308081; 2.707757
856; 877344; 2.341970; 0.315165; 2.657135
857; 1358196; 2.336925; 0.307028; 2.643953
858; 4194450; 2.340739; 0.313789; 2.654528
859; 510656; 2.374468; 0.333234; 2.707702
860; 4974008; 2.341743; 0.314361; 2.656104
861; 12400; 2.349911; 0.364650; 2.714561
862; 2094170; 2.348571; 0.330817; 2.679388
863; 527184; 2.351739; 0.306907; 2.658646
864; 430437; 2.362149; 0.347546; 2.709695
865; 3900960; 2.346131; 0.341326; 2.687457
866; 608580; 2.350502; 0.303882; 2.654384
867; 4351984; 2.343635; 0.332787; 2.676422
868; 257580; 2.347129; 0.334691; 2.681820
869; 63648; 2.345485; 0.323486; 2.668971
870; 2714184; 2.369288; 0.362230; 2.731518
871; 3805600; 2.343299; 0.347028; 2.690327
872; 3943269; 2.347940; 0.347908; 2.695848
873; 1882660; 2.350464; 0.333092; 2.683556
874; 4972979; 2.343373; 0.313798; 2.657171
875; 192570; 2.351198; 0.319412; 2.670610
876; 215502; 2.397490; 0.314420; 2.711910
877; 1053696; 2.347116; 0.340393; 2.687509
878; 174933; 2.336037; 0.302730; 2.638767
879; 1775844; 2.429300; 0.315559; 2.744859
880; 1708976; 2.343740; 0.331404; 2.675144
881; 1012680; 2.354520; 0.318856; 2.673376
882; 4801936; 2.352534; 0.308778; 2.661312
883; 531468; 2.361999; 0.321431; 2.683430
884; 3700200; 2.340371; 0.307620; 2.647991
885; 2906496; 2.350428; 0.353316; 2.703744
886; 4957023; 2.353977; 0.315709; 2.669686
887; 3943086; 2.352204; 0.346408; 2.698612
888; 369410; 2.364826; 0.311785; 2.676611
889; 3016440; 2.350923; 0.314078; 2.665001
890; 3066336; 2.344512; 0.306936; 2.651448
891; 1558458; 2.344891; 0.306061; 2.650952
892; 1217040; 2.349757; 0.307285; 2.657042
893; 1532960; 2.376639; 0.303800; 2.680439
894; 3687525; 2.355536; 0.351908; 2.707444
895; 127000; 2.338698; 0.321376; 2.660074
896; 2382156; 2.362554; 0.309270; 2.671824
897; 4464000; 2.400935; 0.309972; 2.710907
898; 4945536; 2.338328; 0.321603; 2.659931
899; 520695; 2.346068; 0.312077; 2.658145
900; 1844700; 2.348992; 0.299877; 2.648869
901; 3939390; 2.364892; 0.366804; 2.731696
902; 4453272; 2.364217; 0.361103; 2.725320
903; 4139100; 2.353478; 0.320186; 2.673664
904; 4744306; 2.354772; 0.310326; 2.665098
905; 1784760; 2.352381; 0.331359; 2.683740
906; 1678080; 2.349491; 0.311045; 2.660536
907; 3785730; 2.351900; 0.326132; 2.678032
908; 1070745; 2.365152; 0.326909; 2.692061
909; 264537; 2.343394; 0.331847; 2.675241
910; 3525906; 2.336397; 0.337932; 2.674329
911; 3400950; 2.343363; 0.340958; 2.684321
912; 90720; 2.360166; 0.306252; 2.666418
913; 3253849; 2.341543; 0.346738; 2.688281
914; 465120; 2.365434; 0.309665; 2.675099
915; 2667280; 2.340397; 0.324879; 2.665276
916; 281750; 2.351799; 0.299486; 2.651285
917; 47922; 2.340821; 0.305512; 2.646333
918; 1927650; 2.349028; 0.309106; 2.658134
919; 2399320; 2.349072; 0.320283; 2.669355
920; 817289; 2.349580; 0.301488; 2.651068
921; 1603800; 2.349370; 0.305006; 2.654376
922; 2403400; 2.344797; 0.329729; 2.674526
923; 1190700; 2.341965; 0.364749; 2.706714
924; 2865348; 2.349223; 0.345273; 2.694496
925; 2182482; 2.343379; 0.306603; 2.649982
926; 2290965; 2.339994; 0.347568; 2.687562
927; 428736; 2.352382; 0.358599; 2.710981
928; 2954250; 2.352387; 0.351426; 2.703813
929; 2181936; 2.351586; 0.333153; 2.684739
930; 4872456; 2.346730; 0.302443; 2.649173
931; 25560; 2.341806; 0.310496; 2.652302
932; 386920; 2.347985; 0.302578; 2.650563
933; 2513256; 2.352263; 0.348047; 2.700310
934; 2833952; 2.399203; 0.368974; 2.768177
935; 817740; 2.415975; 0.312896; 2.728871
936; 3428080; 2.355561; 0.310357; 2.665918
937; 975429; 2.358990; 0.329308; 2.688298
938; 2094092; 2.357271; 0.337492; 2.694763
939; 339796; 2.346598; 0.307872; 2.654470
940; 3264096; 2.355730; 0.326566; 2.682296
941; 3704130; 2.349862; 0.304140; 2.654002
942; 1951824; 2.362442; 0.327715; 2.690157
943; 2941380; 2.362934; 0.305228; 2.668162
944; 2945570; 2.341813; 0.341579; 2.683392
945; 2927925; 2.354631; 0.364927; 2.719558
946; 3941484; 2.378080; 0.324497; 2.702577
947; 4072354; 2.333075; 0.320174; 2.653249
948; 117648; 2.337281; 0.305999; 2.643280
949; 255816; 2.336121; 0.302682; 2.638803
950; 1195830; 2.415355; 0.348511; 2.763866
951; 3220000; 2.334948; 0.308285; 2.643233
952; 3205440; 2.351356; 0.361769; 2.713125
953; 1369728; 2.347795; 0.328156; 2.675951
954; 3567324; 2.340423; 0.358856; 2.699279
955; 2968212; 2.345921; 0.339580; 2.685501
956; 507092; 2.352508; 0.306123; 2.658631
957; 1289820; 2.354994; 0.331354; 2.686348
958; 1775370; 2.408463; 0.331879; 2.740342
959; 4421127; 2.352835; 0.329471; 2.682306
960; 1394000; 2.345012; 0.344395; 2.689407
961; 3003840; 2.341334; 0.308152; 2.649486
962; 4311846; 2.354044; 0.365372; 2.719416
963; 1128960; 2.336960; 0.337040; 2.674000
964; 3303432; 2.334706; 0.309658; 2.644364
965; 161616; 2.353757; 0.303053; 2.656810
966; 1788900; 2.410267; 0.350516; 2.760783
967; 1652530; 2.349261; 0.355761; 2.705022
968; 4928728; 2.363410; 0.336088; 2.699498
969; 2313530; 2.339689; 0.367378; 2.707067
970; 3129840; 2.366615; 0.313779; 2.680394
971; 3215056; 2.358603; 0.338523; 2.697126
972; 1505757; 2.345958; 0.303851; 2.649809
973; 864776; 2.352226; 0.364496; 2.716722
974; 582780; 2.348074; 0.305738; 2.653812
975; 4977895; 2.349554; 0.310633; 2.660187
976; 2252712; 2.344458; 0.327327; 2.671785
977; 320040; 2.413451; 0.306098; 2.719549
978; 665280; 2.357855; 0.352220; 2.710075
979; 2083536; 2.343868; 0.307678; 2.651546
980; 2931795; 2.350148; 0.339107; 2.689255
981; 3420604; 2.367099; 0.360436; 2.727535
982; 2545920; 2.344509; 0.305917; 2.650426
983; 2743920; 2.361265; 0.321118; 2.682383
984; 1184220; 2.354482; 0.308228; 2.662710
985; 2509584; 2.414723; 0.308176; 2.722899
986; 1660698; 2.364591; 0.337768; 2.702359
987; 550942; 2.340212; 0.311577; 2.651789
988; 4836780; 2.343350; 0.346785; 2.690135
989; 103950; 2.346456; 0.323710; 2.670166
990; 2651440; 2.340936; 0.309363; 2.650299
991; 3243600; 2.362331; 0.331619; 2.693950
992; 3402176; 2.352710; 0.303168; 2.655878
993; 2618000; 2.367139; 0.303723; 2.670862
994; 2391606; 2.343943; 0.350120; 2.694063
995; 3434748; 2.353348; 0.355824; 2.709172
996; 4299192; 2.352946; 0.365450; 2.718396
997; 3888702; 2.344837; 0.336318; 2.681155
998; 1341504; 2.351728; 0.306730; 2.658458
999; 405405; 2.346877; 0.367515; 2.714392
1000; 950880; 2.334167; 0.326165; 2.660332
