71, 67, 81, 47, 47, 47, 44, 48, 67, 23, 81, 98, 64, 52, 46, 42, 86, 39, 21, 10, 87, 31, 29, 58, 19, 58, 30, 59, 34, 52, 77, 15, 59, 75, 59, 90, 89, 83, 54, 65, 75, 20, 69, 42, 81, 82, 10, 29, 98, 50, 80, 14, 20, 11, 17, 24, 66, 47, 29, 21, 16, 88, 66, 96, 28, 95, 82, 60, 65, 81, 19, 87, 42, 79, 4, 81, 79, 60, 39, 73, 14, 68, 8, 83, 13, 49, 34, 30, 21, 20, 41, 40, 84, 21, 72, 2, 51, 79, 11, 13
66, 46, 66, 61, 20, 59, 46, 82, 33, 68, 87, 1, 74, 65, 44, 56, 52, 60, 36, 96, 86, 1, 58, 22, 21, 46, 60, 92, 26, 4, 29, 41, 41, 69, 88, 97, 13, 22, 34, 31, 69, 18, 27, 77, 95, 13, 85, 72, 90, 17, 43, 86, 31, 43, 89, 5, 38, 3, 16, 26, 37, 13, 43, 78, 62, 66, 11, 94, 64, 47, 75, 94, 64, 35, 33, 76, 77, 75, 8, 79, 46, 51, 67, 63, 67, 83, 6, 79, 86, 78, 23, 10, 40, 22, 75, 82, 20, 16, 29, 23
27, 31, 95, 61, 36, 21, 75, 62, 38, 44, 93, 34, 93, 48, 48, 22, 61, 82, 63, 55, 15, 88, 43, 51, 81, 24, 80, 41, 6, 61, 32, 91, 16, 12, 85, 8, 4, 1, 85, 40, 53, 34, 83, 55, 49, 63, 49, 10, 24, 3, 5, 87, 48, 64, 8, 55, 47, 66, 52, 87, 35, 77, 54, 24, 42, 67, 85, 67, 2, 28, 79, 39, 16, 27, 52, 76, 20, 47, 22, 43, 24, 50, 60, 49, 52, 1, 1, 39, 51, 33, 90, 28, 58, 85, 77, 11, 74, 53, 34, 40
19, 96, 61, 73, 41, 13, 60, 33, 55, 46, 99, 34, 24, 10, 43, 22, 94, 25, 19, 12, 19, 90, 76, 25, 98, 28, 79, 78, 51, 84, 42, 63, 13, 58, 32, 50, 37, 7, 79, 52, 18, 91, 91, 43, 82, 96, 49, 58, 8, 45, 24, 76, 6, 14, 69, 82, 7, 73, 99, 91, 53, 2, 40, 28, 15, 18, 100, 100, 13, 48, 60, 43, 67, 22, 6, 90, 88, 30, 75, 30, 10, 57, 82, 30, 55, 6, 61, 43, 86, 75, 64, 14, 9, 37, 30, 82, 82, 5, 92, 88
89, 61, 76, 86, 78, 21, 36, 57, 25, 88, 35, 21, 27, 87, 5, 20, 98, 49, 1, 76, 73, 89, 41, 35, 84, 52, 94, 9, 37, 12, 40, 24, 8, 72, 32, 48, 86, 33, 59, 73, 41, 61, 42, 17, 6, 100, 54, 21, 12, 79, 37, 97, 37, 58, 92, 88, 47, 72, 77, 2, 82, 98, 51, 73, 18, 95, 65, 34, 30, 82, 45, 52, 9, 64, 78, 81, 81, 52, 81, 57, 57, 97, 71, 43, 30, 92, 15, 31, 20, 11, 30, 91, 12, 4, 19, 45, 10, 33, 27, 56
12, 88, 49, 28, 17, 65, 22, 82, 86, 6, 68, 76, 11, 52, 13, 58, 23, 25, 34, 32, 9, 70, 55, 35, 19, 99, 11, 33, 24, 17, 46, 81, 53, 60, 22, 19, 88, 77, 82, 83, 37, 90, 47, 1, 15, 83, 87, 68, 39, 44, 90, 50, 65, 42, 93, 9, 62, 71, 43, 86, 48, 54, 14, 13, 10, 63, 27, 11, 47, 11, 89, 49, 34, 70, 63, 71, 20, 53, 26, 28, 44, 91, 36, 17, 10, 53, 92, 31, 23, 63, 2, 58, 31, 22, 23, 79, 85, 44, 35, 10
48, 22, 89, 26, 71, 84, 72, 82, 76, 80, 3, 16, 22, 30, 73, 10, 11, 10, 93, 23, 87, 85, 44, 21, 100, 6, 19, 49, 7, 22, 61, 38, 5, 9, 59, 96, 19, 21, 76, 67, 28, 78, 11, 57, 15, 73, 91, 80, 80, 29, 93, 70, 46, 58, 3, 57, 38, 16, 68, 63, 79, 84, 4, 74, 81, 3, 71, 47, 67, 32, 37, 82, 10, 29, 10, 97, 5, 73, 11, 85, 93, 32, 26, 26, 3, 50, 21, 49, 42, 86, 94, 54, 5, 68, 40, 91, 38, 70, 12, 11
77, 70, 12, 70, 92, 40, 69, 85, 38, 43, 6, 37, 78, 21, 68, 90, 74, 37, 55, 84, 34, 53, 70, 79, 82, 39, 85, 27, 78, 75, 46, 70, 83, 78, 69, 58, 77, 53, 17, 92, 49, 27, 6, 25, 60, 80, 11, 72, 13, 92, 24, 76, 8, 83, 21, 9, 98, 84, 9, 16, 71, 56, 69, 72, 76, 19, 51, 28, 71, 99, 96, 17, 66, 46, 53, 100, 40, 37, 22, 14, 36, 28, 8, 88, 69, 25, 55, 10, 39, 36, 37, 46, 96, 90, 73, 78, 32, 41, 95, 67
17, 52, 78, 27, 93, 2, 30, 25, 78, 43, 45, 4, 34, 79, 50, 29, 7, 18, 82, 49, 9, 74, 62, 2, 100, 87, 60, 62, 42, 60, 96, 38, 47, 3, 76, 76, 84, 87, 88, 19, 13, 58, 90, 39, 37, 25, 54, 19, 60, 47, 19, 61, 31, 52, 87, 19, 29, 88, 77, 25, 6, 82, 45, 1, 1, 56, 50, 25, 89, 71, 52, 59, 83, 64, 78, 50, 37, 24, 63, 57, 87, 41, 26, 5, 71, 76, 15, 66, 45, 77, 35, 16, 56, 47, 63, 61, 65, 31, 15, 62
20, 82, 10, 92, 77, 65, 10, 45, 19, 18, 75, 40, 35, 20, 28, 66, 76, 88, 37, 14, 51, 51, 81, 43, 10, 6, 95, 21, 3, 39, 17, 23, 89, 92, 66, 41, 11, 30, 52, 100, 77, 64, 98, 13, 77, 20, 18, 67, 9, 9, 43, 2, 84, 7, 54, 90, 48, 44, 3, 66, 61, 24, 24, 78, 87, 84, 51, 36, 54, 89, 61, 98, 67, 50, 6, 100, 40, 24, 7, 69, 76, 54, 41, 79, 30, 45, 8, 12, 86, 9, 5, 9, 13, 16, 6, 54, 78, 72, 55, 3
21, 22, 79, 53, 35, 80, 72, 31, 33, 53, 35, 76, 100, 83, 37, 58, 4, 30, 90, 12, 47, 100, 32, 23, 31, 77, 72, 95, 60, 35, 79, 47, 22, 33, 34, 60, 78, 97, 83, 70, 47, 29, 82, 85, 56, 17, 16, 18, 19, 34, 80, 40, 41, 12, 77, 5, 75, 15, 3, 28, 26, 56, 69, 76, 47, 96, 88, 37, 59, 10, 19, 5, 59, 29, 35, 6, 30, 59, 52, 85, 80, 72, 74, 97, 3, 32, 7, 65, 19, 62, 57, 56, 78, 91, 73, 21, 62, 85, 43, 76
29, 59, 17, 26, 11, 44, 2, 62, 19, 30, 66, 77, 96, 39, 90, 63, 29, 53, 40, 77, 49, 62, 93, 20, 54, 77, 77, 72, 7, 18, 48, 84, 70, 23, 50, 53, 11, 21, 89, 23, 81, 23, 66, 48, 51, 65, 3, 87, 70, 33, 9, 81, 33, 40, 48, 84, 37, 62, 51, 67, 4, 30, 88, 2, 84, 21, 79, 79, 81, 93, 30, 33, 36, 88, 68, 18, 46, 13, 61, 33, 63, 18, 65, 90, 99, 84, 74, 1, 17, 4, 76, 21, 74, 58, 19, 68, 98, 4, 52, 29
64, 74, 15, 76, 98, 96, 2, 34, 11, 81, 30, 65, 93, 76, 85, 40, 50, 23, 33, 73, 60, 1, 11, 51, 64, 8, 3, 96, 83, 60, 68, 30, 80, 6, 81, 76, 44, 45, 60, 88, 94, 53, 13, 3, 66, 33, 71, 66, 53, 17, 62, 54, 58, 48, 76, 3, 7, 61, 1, 72, 36, 74, 54, 32, 44, 87, 23, 48, 52, 30, 38, 10, 42, 27, 64, 87, 27, 90, 13, 37, 92, 48, 6, 66, 35, 94, 68, 61, 89, 90, 75, 11, 19, 45, 19, 29, 44, 39, 38, 88
62, 59, 14, 73, 63, 86, 77, 93, 11, 28, 69, 89, 20, 38, 77, 3, 61, 32, 12, 15, 72, 28, 90, 57, 30, 24, 70, 9, 58, 97, 87, 65, 24, 72, 30, 72, 16, 69, 54, 50, 70, 13, 68, 45, 92, 6, 52, 93, 33, 49, 79, 18, 24, 22, 36, 69, 76, 75, 10, 31, 84, 46, 24, 67, 6, 14, 30, 20, 8, 71, 85, 2, 61, 54, 3, 23, 80, 95, 30, 11, 61, 89, 27, 2, 44, 18, 46, 66, 85, 4, 88, 39, 32, 63, 72, 53, 91, 36, 52, 79
84, 52, 88, 62, 13, 51, 64, 58, 98, 10, 70, 42, 51, 96, 50, 45, 16, 86, 77, 12, 39, 47, 13, 33, 84, 54, 83, 35, 70, 26, 100, 50, 50, 50, 38, 93, 89, 76, 54, 71, 9, 40, 10, 48, 68, 46, 10, 31, 100, 40, 62, 7, 97, 31, 62, 64, 79, 44, 14, 72, 46, 23, 27, 46, 76, 89, 46, 3, 78, 55, 4, 12, 83, 42, 70, 85, 92, 16, 84, 23, 40, 30, 29, 16, 64, 20, 47, 18, 54, 48, 96, 82, 58, 29, 46, 89, 54, 26, 53, 30
73, 11, 80, 84, 67, 51, 30, 57, 73, 63, 66, 49, 88, 83, 99, 43, 84, 24, 9, 82, 39, 7, 16, 24, 46, 79, 20, 47, 72, 24, 53, 93, 99, 60, 50, 97, 68, 52, 80, 88, 55, 44, 38, 75, 18, 54, 78, 60, 48, 9, 72, 29, 14, 15, 86, 70, 83, 64, 38, 70, 7, 49, 32, 5, 12, 70, 48, 19, 55, 66, 5, 24, 41, 55, 10, 12, 5, 29, 90, 80, 87, 26, 95, 63, 92, 7, 49, 27, 100, 40, 84, 2, 38, 51, 2, 86, 66, 92, 30, 28
17, 49, 44, 86, 68, 64, 60, 40, 19, 47, 85, 82, 56, 20, 1, 10, 64, 46, 67, 3, 11, 6, 97, 17, 57, 37, 83, 2, 18, 89, 87, 52, 66, 69, 26, 9, 5, 49, 37, 93, 83, 5, 94, 90, 4, 12, 26, 27, 30, 69, 41, 35, 13, 66, 40, 3, 80, 81, 96, 51, 20, 95, 83, 88, 7, 89, 76, 80, 8, 36, 22, 51, 36, 40, 59, 42, 94, 31, 49, 95, 3, 35, 82, 94, 31, 45, 57, 43, 79, 10, 30, 4, 95, 67, 95, 65, 37, 63, 51, 24
99, 1, 26, 59, 89, 7, 3, 32, 18, 89, 75, 33, 33, 20, 55, 53, 68, 26, 42, 18, 21, 32, 92, 79, 62, 50, 46, 92, 14, 54, 66, 35, 28, 98, 87, 31, 66, 91, 65, 98, 36, 81, 62, 39, 2, 77, 70, 75, 9, 66, 95, 23, 79, 81, 48, 22, 13, 99, 53, 59, 24, 72, 19, 93, 46, 1, 64, 48, 76, 3, 53, 12, 1, 100, 83, 90, 55, 85, 39, 79, 21, 24, 53, 71, 94, 11, 13, 47, 5, 87, 50, 15, 6, 1, 73, 52, 40, 70, 22, 52
59, 18, 36, 19, 91, 82, 61, 99, 53, 62, 17, 72, 23, 92, 72, 96, 53, 72, 2, 3, 3, 72, 23, 100, 55, 77, 63, 66, 88, 24, 44, 33, 43, 22, 84, 18, 22, 21, 69, 7, 6, 45, 33, 9, 23, 11, 88, 55, 47, 91, 24, 18, 91, 9, 20, 42, 24, 1, 42, 18, 1, 89, 85, 29, 55, 36, 98, 76, 36, 12, 58, 40, 71, 66, 56, 7, 40, 91, 6, 10, 34, 36, 44, 28, 2, 81, 30, 88, 79, 72, 5, 27, 89, 42, 64, 49, 6, 44, 43, 13
18, 79, 47, 93, 78, 96, 13, 56, 98, 5, 34, 86, 73, 2, 11, 30, 7, 71, 94, 60, 72, 75, 37, 47, 26, 97, 64, 86, 43, 15, 6, 70, 23, 35, 36, 86, 52, 80, 32, 28, 66, 44, 4, 54, 27, 40, 78, 76, 38, 86, 39, 31, 53, 93, 8, 20, 26, 80, 17, 58, 4, 30, 21, 38, 67, 45, 37, 71, 4, 62, 10, 15, 79, 46, 9, 35, 12, 84, 3, 50, 35, 98, 55, 39, 10, 60, 74, 42, 98, 13, 57, 92, 70, 37, 43, 78, 72, 1, 47, 89
40, 83, 74, 44, 19, 98, 73, 27, 23, 33, 82, 81, 36, 64, 1, 76, 71, 55, 57, 38, 68, 23, 7, 33, 1, 5, 36, 67, 25, 29, 77, 19, 33, 61, 83, 7, 67, 42, 46, 25, 12, 50, 39, 20, 1, 46, 85, 26, 96, 91, 35, 99, 20, 10, 43, 14, 13, 58, 100, 29, 10, 69, 69, 5, 36, 98, 16, 72, 99, 85, 86, 14, 92, 37, 58, 37, 32, 94, 28, 67, 71, 91, 19, 46, 34, 44, 98, 51, 83, 88, 62, 47, 76, 96, 62, 20, 85, 61, 55, 26
96, 70, 47, 35, 18, 51, 94, 98, 36, 81, 74, 30, 65, 15, 79, 35, 33, 2, 50, 25, 36, 20, 6, 79, 6, 58, 17, 18, 77, 25, 98, 88, 85, 30, 72, 7, 91, 55, 2, 35, 39, 66, 74, 44, 76, 71, 43, 100, 79, 64, 79, 72, 31, 6, 90, 94, 17, 54, 35, 3, 8, 89, 8, 51, 23, 83, 91, 92, 73, 73, 77, 99, 99, 39, 53, 78, 52, 79, 30, 10, 81, 25, 39, 15, 89, 20, 81, 52, 35, 30, 21, 35, 62, 34, 31, 30, 6, 17, 68, 66
41, 26, 27, 37, 84, 45, 47, 41, 31, 30, 44, 52, 76, 17, 83, 17, 18, 32, 53, 86, 60, 7, 17, 59, 43, 78, 8, 53, 11, 86, 70, 81, 74, 47, 15, 91, 62, 9, 3, 79, 96, 50, 41, 42, 15, 77, 28, 66, 43, 52, 19, 5, 60, 41, 55, 2, 52, 52, 14, 35, 45, 96, 86, 5, 14, 30, 33, 68, 58, 72, 6, 54, 74, 20, 33, 35, 88, 67, 72, 56, 38, 36, 17, 8, 5, 34, 5, 74, 20, 38, 35, 70, 92, 76, 88, 44, 31, 65, 9, 91
25, 37, 6, 37, 74, 96, 14, 90, 81, 42, 42, 33, 43, 65, 28, 37, 87, 65, 85, 90, 18, 46, 81, 9, 8, 98, 99, 24, 91, 98, 21, 30, 76, 89, 97, 36, 78, 25, 99, 45, 32, 66, 30, 21, 83, 84, 90, 22, 84, 99, 4, 35, 81, 76, 94, 44, 64, 60, 85, 96, 77, 79, 78, 63, 78, 9, 21, 36, 26, 99, 25, 35, 45, 77, 73, 94, 50, 100, 23, 74, 53, 39, 19, 53, 77, 43, 15, 65, 3, 84, 94, 84, 47, 75, 15, 90, 63, 9, 8, 15
57, 78, 25, 48, 90, 58, 82, 24, 39, 88, 52, 37, 74, 37, 41, 20, 51, 48, 81, 76, 30, 61, 64, 95, 63, 58, 88, 31, 72, 9, 40, 73, 97, 18, 28, 51, 45, 81, 52, 32, 31, 5, 8, 22, 19, 56, 49, 37, 8, 89, 71, 76, 4, 95, 5, 100, 99, 56, 43, 57, 65, 16, 41, 94, 31, 45, 13, 61, 5, 78, 12, 63, 68, 44, 100, 9, 69, 52, 60, 53, 16, 92, 67, 59, 46, 88, 79, 56, 21, 55, 90, 48, 44, 2, 36, 77, 43, 56, 18, 12
22, 61, 12, 18, 89, 50, 91, 31, 25, 49, 18, 98, 71, 87, 15, 91, 74, 4, 3, 98, 46, 25, 32, 10, 25, 21, 80, 85, 20, 85, 91, 18, 40, 3, 23, 21, 23, 71, 98, 40, 63, 17, 29, 89, 72, 62, 1, 19, 80, 23, 63, 21, 83, 89, 95, 79, 83, 49, 49, 75, 7, 44, 62, 91, 12, 23, 20, 47, 20, 65, 41, 95, 73, 78, 88, 3, 57, 25, 15, 4, 20, 69, 70, 84, 40, 25, 24, 32, 77, 61, 89, 2, 36, 9, 81, 79, 50, 32, 80, 28
45, 32, 87, 77, 62, 49, 57, 53, 94, 98, 41, 23, 9, 77, 41, 71, 62, 45, 69, 6, 30, 61, 93, 76, 40, 17, 43, 24, 67, 67, 45, 68, 100, 68, 10, 77, 5, 98, 36, 17, 92, 99, 97, 5, 83, 49, 55, 11, 60, 94, 26, 70, 12, 9, 70, 50, 42, 79, 77, 9, 86, 15, 58, 74, 31, 96, 11, 3, 56, 46, 23, 30, 8, 9, 34, 20, 23, 57, 9, 23, 21, 70, 60, 94, 49, 54, 6, 11, 9, 91, 39, 9, 85, 17, 84, 42, 53, 91, 95, 56
71, 16, 31, 17, 78, 42, 21, 83, 41, 100, 96, 92, 71, 19, 19, 97, 59, 57, 84, 16, 46, 88, 46, 75, 82, 16, 31, 69, 24, 55, 13, 52, 5, 86, 97, 42, 99, 98, 79, 95, 81, 69, 38, 96, 14, 24, 12, 33, 9, 80, 38, 73, 10, 82, 51, 46, 1, 21, 39, 90, 67, 5, 12, 51, 16, 83, 93, 35, 69, 27, 27, 26, 57, 83, 23, 5, 49, 7, 55, 2, 1, 13, 19, 89, 41, 46, 57, 96, 39, 84, 43, 35, 7, 30, 49, 79, 78, 39, 75, 77
4, 70, 25, 55, 100, 80, 15, 82, 48, 61, 89, 27, 22, 40, 11, 1, 76, 29, 48, 74, 65, 16, 39, 83, 15, 99, 11, 39, 86, 38, 35, 29, 96, 51, 16, 20, 69, 35, 1, 74, 85, 40, 26, 98, 69, 58, 23, 91, 3, 97, 66, 73, 19, 73, 97, 30, 16, 68, 89, 88, 44, 87, 35, 26, 46, 91, 61, 71, 3, 95, 35, 39, 37, 81, 32, 18, 95, 69, 22, 72, 26, 85, 19, 71, 21, 54, 93, 52, 92, 2, 65, 85, 18, 4, 1, 64, 84, 29, 16, 53
90, 32, 47, 30, 45, 90, 17, 64, 49, 42, 25, 62, 85, 63, 62, 88, 86, 21, 70, 38, 7, 83, 73, 5, 54, 11, 79, 17, 54, 34, 13, 27, 31, 3, 75, 17, 57, 99, 3, 87, 72, 34, 75, 18, 4, 29, 34, 44, 71, 68, 30, 92, 13, 96, 42, 93, 29, 64, 4, 30, 37, 94, 64, 52, 96, 93, 24, 35, 75, 6, 23, 58, 53, 30, 2, 82, 69, 74, 73, 69, 25, 94, 59, 44, 1, 35, 78, 12, 33, 10, 68, 29, 57, 19, 53, 39, 52, 78, 4, 1
25, 75, 63, 74, 95, 38, 93, 55, 64, 5, 1, 17, 29, 22, 19, 51, 60, 44, 56, 59, 26, 30, 80, 17, 44, 10, 87, 4, 78, 54, 63, 20, 61, 71, 62, 91, 57, 86, 100, 85, 97, 2, 21, 1, 45, 16, 2, 93, 42, 10, 35, 96, 56, 92, 94, 53, 32, 79, 62, 88, 46, 46, 35, 21, 83, 97, 37, 95, 42, 18, 86, 77, 78, 24, 94, 28, 67, 75, 12, 16, 20, 75, 69, 88, 9, 57, 67, 57, 47, 32, 16, 4, 8, 68, 59, 72, 9, 9, 68, 12
24, 54, 42, 92, 98, 95, 85, 97, 1, 13, 96, 43, 74, 14, 21, 20, 42, 42, 44, 17, 4, 30, 63, 37, 29, 97, 63, 12, 60, 10, 23, 7, 67, 45, 85, 100, 60, 65, 49, 25, 63, 1, 58, 63, 70, 77, 23, 65, 7, 4, 82, 41, 82, 50, 98, 87, 34, 31, 33, 71, 85, 67, 34, 39, 54, 79, 90, 85, 32, 62, 82, 77, 62, 29, 9, 76, 20, 24, 36, 76, 99, 95, 20, 84, 67, 58, 13, 97, 80, 61, 69, 15, 47, 55, 67, 90, 16, 2, 72, 97
11, 2, 29, 99, 70, 21, 3, 80, 83, 65, 82, 24, 77, 21, 84, 7, 8, 38, 37, 36, 16, 69, 50, 64, 27, 6, 22, 88, 86, 56, 28, 79, 3, 2, 84, 92, 21, 50, 68, 16, 72, 91, 3, 26, 15, 5, 81, 86, 12, 58, 38, 62, 53, 49, 52, 88, 64, 48, 39, 16, 52, 5, 15, 75, 16, 76, 11, 94, 92, 52, 25, 97, 90, 93, 16, 89, 77, 89, 56, 34, 43, 94, 42, 21, 54, 7, 68, 60, 40, 67, 4, 95, 97, 10, 2, 69, 44, 67, 88, 50
65, 50, 6, 31, 25, 50, 44, 24, 30, 95, 46, 52, 54, 77, 12, 37, 3, 69, 42, 66, 13, 98, 79, 65, 85, 94, 55, 92, 42, 64, 7, 83, 82, 69, 15, 69, 98, 69, 64, 64, 65, 92, 11, 62, 33, 93, 2, 65, 44, 99, 85, 87, 25, 89, 52, 52, 3, 100, 99, 72, 42, 76, 84, 20, 35, 88, 22, 47, 59, 80, 2, 54, 97, 59, 56, 79, 61, 79, 88, 100, 99, 19, 84, 68, 61, 78, 52, 24, 23, 14, 32, 3, 51, 3, 67, 49, 86, 31, 26, 63
97, 49, 12, 7, 64, 63, 56, 39, 47, 67, 89, 52, 6, 32, 9, 83, 90, 33, 75, 35, 27, 13, 87, 67, 97, 64, 11, 20, 55, 60, 35, 53, 29, 56, 51, 99, 76, 72, 48, 86, 8, 3, 32, 36, 25, 59, 95, 91, 53, 44, 90, 68, 33, 96, 50, 99, 1, 98, 41, 71, 33, 49, 28, 13, 92, 6, 67, 47, 8, 34, 14, 51, 90, 18, 61, 48, 52, 44, 12, 96, 17, 87, 23, 42, 97, 88, 12, 18, 67, 40, 66, 36, 1, 72, 89, 38, 37, 98, 62, 40
62, 50, 17, 66, 49, 67, 99, 50, 60, 34, 66, 28, 51, 86, 65, 4, 34, 54, 4, 26, 4, 71, 82, 14, 61, 87, 87, 78, 62, 56, 78, 17, 10, 63, 31, 45, 44, 90, 74, 1, 9, 5, 59, 30, 50, 45, 30, 76, 31, 34, 19, 27, 96, 29, 3, 39, 22, 17, 24, 58, 6, 60, 5, 33, 69, 53, 13, 34, 25, 70, 11, 59, 35, 49, 2, 82, 94, 13, 55, 47, 42, 80, 70, 36, 87, 96, 9, 8, 37, 25, 93, 48, 55, 69, 81, 60, 44, 75, 56, 89
7, 76, 23, 1, 1, 79, 70, 18, 13, 15, 95, 57, 27, 80, 56, 79, 54, 99, 47, 63, 85, 89, 65, 56, 56, 44, 60, 24, 81, 50, 67, 20, 2, 92, 44, 32, 1, 17, 70, 11, 15, 91, 83, 24, 59, 35, 58, 38, 86, 95, 69, 61, 81, 98, 14, 51, 84, 35, 67, 41, 63, 50, 33, 83, 33, 43, 14, 35, 58, 12, 59, 34, 51, 51, 97, 60, 17, 46, 48, 80, 55, 62, 68, 84, 40, 71, 50, 11, 70, 52, 46, 81, 91, 5, 55, 40, 88, 100, 41, 85
86, 60, 93, 8, 29, 2, 24, 93, 82, 45, 11, 68, 35, 72, 12, 96, 9, 19, 7, 90, 23, 26, 77, 79, 56, 44, 12, 16, 67, 58, 39, 24, 76, 42, 82, 87, 58, 83, 33, 2, 75, 2, 100, 17, 70, 3, 75, 99, 13, 72, 93, 39, 71, 74, 74, 28, 61, 27, 4, 70, 85, 87, 1, 83, 95, 47, 26, 3, 67, 70, 7, 55, 6, 59, 59, 96, 76, 7, 56, 7, 61, 57, 33, 74, 72, 11, 3, 45, 10, 7, 50, 61, 37, 52, 89, 36, 79, 53, 59, 94
86, 31, 12, 37, 34, 84, 39, 5, 1, 22, 19, 29, 100, 21, 83, 98, 36, 50, 45, 92, 20, 7, 88, 44, 44, 24, 64, 92, 85, 56, 92, 90, 3, 52, 90, 84, 64, 28, 71, 46, 58, 20, 65, 43, 27, 92, 81, 28, 47, 52, 90, 98, 81, 92, 36, 66, 99, 71, 94, 77, 24, 77, 31, 100, 96, 38, 51, 28, 8, 18, 71, 95, 83, 34, 60, 44, 48, 50, 7, 46, 56, 46, 32, 75, 86, 96, 30, 56, 30, 85, 99, 19, 71, 57, 5, 67, 26, 56, 36, 3
83, 95, 55, 81, 72, 86, 89, 1, 95, 64, 45, 43, 96, 71, 89, 12, 94, 73, 87, 35, 14, 39, 76, 14, 29, 38, 80, 83, 40, 68, 31, 84, 15, 17, 15, 6, 83, 98, 13, 49, 45, 31, 59, 35, 45, 64, 48, 72, 2, 62, 25, 81, 78, 5, 17, 8, 43, 99, 41, 20, 3, 92, 75, 46, 33, 19, 31, 17, 56, 71, 40, 71, 83, 43, 49, 25, 48, 64, 24, 6, 73, 16, 22, 9, 77, 66, 30, 47, 27, 40, 68, 42, 5, 45, 96, 67, 77, 68, 34, 58
55, 62, 16, 29, 33, 63, 10, 21, 80, 2, 96, 43, 21, 33, 36, 100, 65, 26, 74, 95, 43, 1, 84, 73, 89, 90, 97, 77, 83, 69, 50, 81, 20, 31, 18, 89, 95, 24, 86, 58, 9, 75, 60, 10, 86, 10, 6, 85, 28, 59, 52, 21, 51, 45, 76, 69, 6, 32, 29, 79, 13, 19, 56, 78, 53, 84, 25, 37, 82, 4, 87, 70, 54, 87, 15, 24, 69, 33, 58, 3, 11, 94, 16, 13, 61, 14, 7, 66, 73, 75, 97, 27, 80, 15, 76, 7, 27, 2, 32, 81
75, 51, 15, 59, 91, 70, 98, 47, 5, 18, 82, 69, 46, 20, 15, 17, 14, 52, 59, 77, 77, 29, 22, 48, 43, 47, 22, 60, 17, 72, 92, 5, 25, 36, 64, 22, 79, 52, 49, 62, 38, 14, 21, 87, 2, 94, 71, 64, 31, 100, 7, 79, 15, 70, 65, 80, 84, 21, 8, 63, 10, 26, 95, 39, 86, 21, 24, 1, 48, 25, 85, 67, 39, 6, 91, 21, 87, 4, 24, 61, 54, 30, 70, 30, 87, 29, 85, 60, 41, 94, 9, 55, 18, 80, 28, 73, 54, 67, 45, 91
41, 70, 35, 78, 10, 64, 17, 16, 7, 95, 66, 82, 89, 67, 96, 35, 13, 88, 95, 74, 62, 51, 72, 71, 75, 67, 31, 74, 7, 100, 83, 25, 54, 1, 45, 63, 29, 10, 1, 34, 53, 1, 39, 9, 99, 14, 1, 20, 64, 71, 65, 25, 87, 30, 68, 45, 84, 19, 26, 92, 60, 9, 88, 35, 5, 71, 62, 70, 26, 77, 58, 11, 40, 41, 16, 5, 18, 83, 19, 77, 13, 89, 84, 6, 1, 45, 98, 12, 11, 82, 42, 14, 16, 15, 11, 48, 98, 18, 59, 96
44, 31, 51, 77, 7, 65, 58, 69, 17, 32, 59, 27, 21, 73, 30, 50, 94, 8, 8, 32, 40, 93, 89, 10, 27, 2, 22, 72, 4, 38, 71, 31, 55, 69, 18, 14, 30, 60, 31, 90, 43, 57, 34, 26, 16, 2, 56, 28, 60, 24, 72, 54, 81, 6, 55, 49, 97, 64, 14, 26, 57, 94, 48, 63, 13, 21, 46, 32, 10, 50, 76, 67, 61, 39, 18, 64, 6, 28, 21, 66, 86, 78, 33, 19, 3, 26, 60, 43, 13, 35, 74, 12, 83, 78, 24, 82, 89, 99, 49, 29
48, 65, 72, 33, 6, 50, 98, 94, 43, 98, 31, 60, 72, 75, 22, 82, 36, 11, 66, 96, 54, 28, 5, 61, 15, 34, 83, 12, 6, 14, 43, 34, 39, 49, 1, 77, 5, 15, 71, 90, 100, 26, 92, 38, 63, 85, 60, 80, 97, 35, 39, 92, 44, 57, 68, 53, 83, 2, 16, 9, 23, 10, 18, 24, 22, 19, 100, 72, 20, 25, 97, 11, 53, 73, 17, 32, 38, 28, 35, 93, 66, 29, 3, 14, 72, 67, 26, 40, 97, 93, 18, 71, 53, 56, 1, 72, 23, 75, 20, 91
5, 58, 75, 5, 39, 13, 19, 62, 54, 36, 19, 27, 66, 2, 100, 13, 20, 97, 99, 38, 1, 50, 79, 68, 57, 48, 71, 44, 33, 81, 81, 50, 56, 71, 35, 84, 19, 18, 3, 89, 48, 39, 51, 98, 2, 16, 52, 63, 85, 91, 64, 80, 29, 7, 75, 44, 99, 19, 13, 96, 3, 34, 48, 20, 22, 66, 42, 97, 38, 2, 99, 84, 97, 94, 9, 35, 94, 24, 74, 100, 44, 33, 33, 8, 30, 48, 56, 57, 30, 93, 95, 83, 51, 69, 16, 73, 58, 90, 46, 45
85, 51, 36, 18, 21, 33, 42, 32, 25, 36, 10, 94, 72, 94, 18, 74, 66, 46, 54, 5, 28, 60, 40, 61, 11, 37, 46, 100, 98, 35, 2, 35, 41, 44, 17, 42, 32, 29, 61, 32, 81, 91, 81, 8, 61, 24, 10, 28, 30, 34, 50, 80, 99, 57, 63, 20, 52, 79, 51, 37, 3, 70, 64, 95, 14, 53, 36, 64, 7, 30, 99, 56, 55, 8, 99, 45, 98, 56, 64, 43, 15, 4, 8, 19, 29, 6, 66, 32, 68, 17, 100, 55, 62, 21, 90, 91, 89, 8, 21, 59
23, 85, 3, 66, 10, 75, 45, 11, 35, 81, 1, 86, 39, 96, 80, 90, 38, 17, 65, 29, 74, 70, 48, 34, 26, 15, 56, 62, 97, 99, 58, 88, 35, 66, 16, 12, 12, 78, 49, 3, 12, 28, 71, 44, 25, 37, 2, 48, 82, 6, 47, 69, 36, 78, 68, 11, 96, 57, 61, 70, 57, 53, 69, 79, 29, 98, 50, 65, 57, 89, 89, 30, 18, 7, 7, 36, 71, 35, 85, 96, 42, 64, 65, 99, 77, 30, 6, 10, 23, 49, 28, 43, 87, 81, 1, 86, 62, 70, 22, 80
68, 40, 64, 84, 5, 6, 52, 16, 46, 58, 24, 1, 71, 65, 85, 39, 16, 2, 17, 62, 18, 46, 62, 11, 77, 37, 41, 68, 44, 19, 25, 10, 19, 97, 25, 6, 12, 57, 24, 34, 36, 25, 21, 65, 92, 46, 81, 10, 29, 33, 63, 38, 23, 55, 36, 25, 12, 1, 66, 71, 93, 19, 27, 2, 56, 59, 38, 76, 29, 27, 14, 10, 73, 23, 87, 35, 13, 96, 84, 48, 37, 1, 61, 3, 4, 95, 37, 4, 92, 41, 79, 54, 47, 63, 55, 9, 36, 93, 98, 12
57, 50, 15, 3, 20, 58, 60, 74, 94, 88, 69, 62, 9, 92, 99, 73, 38, 54, 35, 69, 28, 65, 14, 4, 53, 79, 40, 51, 20, 42, 57, 36, 36, 22, 78, 16, 98, 57, 42, 14, 31, 30, 37, 41, 22, 88, 62, 82, 97, 11, 34, 84, 8, 92, 85, 84, 53, 86, 16, 10, 36, 5, 60, 28, 43, 33, 52, 72, 84, 77, 61, 86, 95, 77, 56, 51, 39, 3, 4, 73, 46, 84, 89, 80, 42, 47, 10, 37, 52, 31, 98, 73, 96, 71, 88, 53, 72, 10, 54, 24
11, 85, 6, 99, 43, 99, 78, 80, 19, 40, 26, 70, 99, 51, 33, 44, 53, 90, 63, 92, 24, 45, 55, 53, 97, 79, 77, 14, 91, 66, 28, 83, 68, 3, 18, 18, 47, 66, 27, 28, 79, 94, 54, 72, 53, 98, 5, 65, 100, 79, 11, 85, 57, 37, 23, 43, 65, 39, 56, 76, 50, 29, 39, 50, 87, 10, 9, 53, 67, 54, 78, 31, 22, 17, 33, 76, 55, 64, 31, 40, 71, 40, 31, 30, 5, 30, 73, 39, 38, 51, 94, 23, 65, 94, 14, 21, 45, 52, 28, 67
14, 91, 46, 73, 58, 10, 86, 16, 9, 91, 22, 25, 21, 89, 8, 84, 53, 27, 14, 96, 10, 4, 29, 73, 47, 93, 66, 59, 62, 31, 94, 56, 66, 29, 60, 95, 18, 54, 66, 29, 25, 68, 28, 2, 44, 73, 50, 59, 64, 66, 88, 3, 61, 31, 28, 87, 53, 43, 52, 8, 5, 53, 45, 8, 42, 23, 3, 44, 87, 53, 97, 23, 41, 17, 54, 77, 44, 28, 1, 5, 48, 2, 69, 21, 64, 20, 85, 50, 24, 89, 21, 79, 98, 44, 76, 88, 48, 71, 41, 35
26, 7, 65, 46, 21, 80, 96, 53, 79, 91, 61, 31, 14, 15, 53, 15, 47, 86, 54, 95, 89, 16, 73, 63, 27, 58, 25, 38, 40, 83, 20, 12, 91, 81, 34, 70, 75, 68, 15, 58, 16, 61, 93, 34, 56, 81, 1, 6, 99, 44, 48, 33, 65, 74, 29, 60, 10, 85, 81, 77, 9, 76, 97, 22, 65, 60, 7, 58, 56, 62, 54, 83, 2, 5, 43, 76, 25, 54, 80, 93, 63, 21, 2, 23, 76, 11, 90, 23, 91, 70, 87, 65, 99, 77, 95, 23, 65, 64, 19, 93
64, 46, 12, 21, 1, 91, 19, 28, 26, 22, 79, 32, 27, 97, 91, 32, 2, 40, 20, 7, 10, 84, 87, 79, 91, 36, 92, 9, 75, 35, 61, 5, 38, 60, 89, 40, 14, 76, 58, 57, 54, 97, 78, 48, 49, 25, 17, 79, 89, 24, 91, 65, 69, 3, 37, 26, 45, 98, 35, 3, 82, 80, 11, 55, 78, 66, 7, 85, 86, 18, 54, 68, 11, 77, 39, 100, 22, 29, 4, 18, 52, 79, 14, 32, 6, 20, 26, 33, 62, 91, 43, 52, 39, 83, 23, 70, 3, 63, 61, 77
7, 76, 4, 8, 36, 22, 11, 88, 38, 6, 64, 40, 96, 79, 93, 26, 31, 73, 31, 46, 11, 70, 81, 33, 39, 83, 75, 79, 60, 57, 31, 97, 51, 68, 38, 7, 7, 96, 82, 64, 12, 79, 27, 71, 34, 76, 22, 96, 62, 33, 44, 36, 22, 78, 31, 32, 27, 2, 16, 1, 76, 29, 93, 94, 11, 42, 85, 99, 53, 33, 37, 94, 87, 28, 45, 63, 68, 51, 74, 35, 33, 92, 22, 9, 36, 15, 67, 62, 45, 9, 64, 74, 7, 8, 57, 63, 8, 59, 7, 98
47, 56, 24, 18, 39, 69, 34, 31, 3, 82, 94, 28, 23, 34, 94, 80, 62, 93, 35, 40, 7, 11, 44, 90, 49, 56, 50, 68, 66, 10, 58, 27, 50, 71, 75, 45, 75, 75, 99, 89, 67, 91, 79, 1, 4, 66, 47, 53, 77, 7, 29, 56, 64, 31, 31, 59, 98, 11, 71, 48, 40, 33, 94, 30, 97, 42, 97, 66, 86, 83, 93, 23, 7, 94, 35, 11, 89, 87, 45, 94, 59, 46, 85, 54, 27, 44, 65, 49, 45, 84, 99, 37, 99, 39, 61, 36, 63, 48, 26, 95
91, 90, 34, 63, 46, 81, 14, 46, 74, 13, 95, 4, 12, 75, 97, 20, 84, 62, 56, 30, 38, 63, 43, 50, 47, 74, 28, 18, 12, 23, 99, 60, 15, 33, 26, 34, 42, 33, 16, 73, 11, 19, 58, 65, 21, 53, 51, 97, 52, 76, 9, 31, 81, 26, 63, 19, 57, 20, 53, 99, 5, 2, 87, 94, 56, 40, 26, 36, 19, 5, 39, 11, 44, 11, 45, 36, 57, 98, 90, 91, 63, 78, 18, 34, 13, 63, 45, 58, 18, 29, 79, 31, 4, 98, 90, 90, 3, 13, 10, 70
68, 37, 55, 37, 71, 29, 43, 84, 61, 96, 76, 5, 100, 45, 12, 33, 68, 75, 87, 44, 5, 97, 77, 43, 17, 22, 18, 74, 39, 94, 86, 64, 100, 8, 34, 63, 17, 44, 75, 69, 44, 58, 2, 40, 39, 28, 33, 81, 10, 79, 95, 6, 99, 28, 7, 41, 73, 52, 76, 86, 67, 65, 10, 73, 52, 59, 27, 56, 16, 92, 15, 81, 85, 54, 39, 36, 25, 82, 28, 33, 60, 81, 98, 43, 38, 35, 65, 78, 32, 90, 84, 58, 59, 90, 82, 81, 74, 42, 68, 28
42, 82, 4, 14, 80, 66, 87, 71, 7, 55, 68, 97, 47, 12, 26, 75, 88, 7, 2, 14, 88, 21, 98, 34, 63, 40, 57, 95, 99, 28, 20, 23, 54, 73, 36, 80, 52, 22, 55, 31, 99, 29, 66, 94, 74, 69, 39, 76, 47, 68, 2, 50, 8, 80, 5, 30, 66, 33, 14, 3, 13, 32, 3, 88, 75, 69, 52, 6, 3, 30, 36, 87, 97, 16, 99, 70, 47, 14, 47, 71, 93, 26, 75, 3, 84, 40, 59, 83, 59, 4, 43, 66, 67, 16, 71, 87, 40, 10, 15, 20
6, 2, 78, 45, 44, 81, 53, 56, 64, 100, 53, 22, 72, 67, 43, 53, 30, 27, 87, 81, 79, 54, 63, 98, 98, 61, 8, 82, 43, 55, 4, 66, 53, 4, 13, 76, 57, 32, 96, 36, 97, 4, 46, 21, 96, 91, 87, 90, 89, 60, 17, 38, 9, 70, 7, 33, 53, 52, 54, 74, 42, 40, 64, 49, 91, 70, 11, 98, 76, 49, 6, 11, 52, 52, 7, 35, 92, 58, 94, 12, 54, 5, 89, 13, 9, 68, 3, 74, 83, 7, 36, 39, 97, 41, 49, 46, 61, 93, 25, 80
61, 70, 10, 61, 80, 96, 12, 65, 38, 94, 72, 76, 22, 54, 81, 91, 21, 54, 74, 28, 44, 43, 97, 99, 66, 27, 74, 18, 81, 97, 84, 51, 98, 51, 30, 47, 53, 64, 54, 84, 56, 33, 82, 62, 63, 73, 83, 3, 23, 22, 39, 32, 53, 70, 16, 27, 16, 28, 63, 78, 12, 33, 93, 14, 74, 85, 86, 95, 56, 14, 26, 40, 16, 85, 72, 46, 1, 81, 69, 67, 15, 97, 52, 45, 95, 6, 42, 17, 98, 51, 71, 49, 37, 60, 76, 7, 22, 15, 23, 96
69, 100, 54, 22, 45, 8, 25, 91, 27, 84, 41, 35, 58, 63, 43, 53, 61, 72, 66, 6, 9, 28, 45, 38, 18, 79, 59, 4, 22, 7, 52, 77, 92, 23, 49, 4, 71, 65, 7, 28, 21, 90, 53, 52, 62, 56, 28, 51, 30, 88, 7, 81, 85, 42, 88, 58, 77, 66, 47, 42, 52, 89, 80, 32, 5, 100, 100, 87, 13, 23, 79, 91, 100, 41, 61, 78, 64, 41, 54, 10, 72, 73, 45, 55, 98, 38, 4, 3, 55, 95, 49, 21, 48, 45, 18, 98, 31, 100, 4, 11
65, 34, 11, 66, 52, 88, 91, 40, 41, 53, 88, 48, 78, 10, 84, 59, 59, 73, 85, 39, 8, 9, 92, 78, 37, 61, 25, 19, 31, 74, 42, 28, 26, 58, 92, 3, 86, 73, 22, 56, 18, 52, 91, 80, 32, 89, 6, 42, 85, 7, 90, 60, 83, 89, 42, 18, 45, 11, 27, 2, 15, 81, 53, 33, 85, 25, 62, 97, 94, 11, 90, 4, 32, 12, 18, 41, 53, 86, 81, 25, 26, 23, 38, 25, 28, 87, 95, 60, 24, 33, 92, 58, 55, 37, 25, 95, 16, 35, 44, 54
48, 31, 19, 31, 6, 79, 15, 66, 65, 78, 86, 50, 95, 69, 69, 95, 88, 12, 95, 8, 48, 4, 2, 96, 3, 47, 17, 1, 84, 92, 23, 36, 94, 72, 96, 43, 43, 65, 16, 48, 34, 98, 87, 74, 99, 35, 33, 42, 50, 90, 38, 70, 62, 59, 97, 28, 59, 27, 30, 74, 10, 71, 61, 73, 81, 40, 85, 28, 17, 64, 11, 53, 51, 86, 90, 45, 61, 1, 14, 71, 74, 15, 58, 80, 64, 19, 86, 82, 91, 71, 11, 5, 12, 46, 18, 75, 89, 56, 69, 11
75, 57, 95, 58, 1, 78, 8, 31, 11, 24, 65, 67, 67, 29, 24, 70, 81, 34, 34, 15, 94, 31, 20, 69, 16, 97, 40, 31, 68, 92, 47, 18, 49, 61, 58, 68, 36, 60, 3, 49, 6, 7, 85, 53, 57, 81, 78, 93, 98, 85, 94, 78, 34, 29, 84, 98, 88, 73, 28, 43, 75, 93, 67, 44, 66, 90, 99, 88, 83, 74, 5, 93, 91, 61, 65, 74, 58, 77, 54, 88, 62, 25, 19, 36, 36, 92, 96, 25, 35, 20, 33, 95, 62, 73, 14, 78, 5, 91, 14, 13
79, 31, 96, 19, 20, 2, 43, 82, 55, 42, 58, 12, 78, 34, 48, 3, 25, 67, 19, 66, 44, 63, 44, 71, 20, 5, 10, 10, 91, 14, 91, 76, 77, 44, 14, 78, 97, 96, 47, 27, 4, 73, 6, 53, 39, 77, 40, 4, 8, 1, 7, 9, 89, 39, 69, 48, 62, 54, 33, 62, 16, 80, 16, 24, 9, 20, 78, 34, 52, 21, 93, 97, 51, 72, 35, 98, 91, 67, 29, 12, 47, 39, 78, 47, 70, 81, 69, 42, 30, 59, 32, 51, 9, 74, 75, 50, 16, 65, 63, 24
94, 42, 76, 59, 88, 15, 45, 18, 3, 83, 82, 86, 100, 48, 90, 17, 91, 90, 74, 99, 21, 62, 26, 68, 73, 85, 86, 73, 59, 41, 3, 21, 34, 22, 99, 33, 50, 28, 4, 28, 41, 39, 17, 88, 78, 88, 77, 77, 35, 24, 55, 60, 36, 88, 27, 80, 17, 99, 23, 5, 79, 37, 98, 6, 80, 93, 79, 36, 74, 70, 27, 64, 51, 26, 66, 13, 45, 2, 4, 31, 54, 30, 95, 6, 14, 6, 39, 20, 44, 54, 99, 48, 20, 99, 74, 45, 13, 75, 26, 47
1, 46, 88, 75, 1, 49, 27, 33, 34, 10, 88, 95, 54, 19, 66, 99, 12, 91, 9, 78, 51, 78, 35, 25, 61, 26, 37, 84, 53, 59, 24, 69, 48, 83, 15, 55, 57, 27, 1, 30, 50, 99, 48, 40, 3, 77, 96, 34, 96, 73, 70, 44, 38, 21, 27, 71, 25, 52, 22, 52, 88, 35, 63, 96, 82, 61, 31, 100, 72, 88, 24, 20, 69, 77, 42, 26, 44, 82, 86, 74, 46, 28, 79, 84, 37, 82, 72, 63, 48, 55, 42, 50, 97, 79, 24, 33, 11, 48, 52, 77
6, 12, 17, 97, 43, 23, 67, 12, 62, 24, 76, 93, 38, 14, 65, 21, 8, 32, 65, 13, 55, 40, 46, 45, 11, 67, 27, 58, 16, 43, 74, 93, 97, 55, 6, 31, 51, 24, 64, 14, 91, 2, 82, 92, 83, 54, 3, 6, 81, 93, 42, 33, 9, 32, 7, 60, 80, 29, 90, 78, 46, 33, 3, 74, 65, 93, 62, 58, 55, 2, 6, 63, 11, 96, 15, 15, 89, 64, 67, 60, 22, 10, 65, 12, 1, 17, 2, 48, 79, 24, 85, 55, 63, 41, 26, 95, 44, 4, 95, 1
24, 32, 46, 77, 48, 88, 6, 7, 20, 93, 20, 60, 51, 25, 80, 32, 89, 43, 64, 53, 76, 88, 43, 10, 49, 6, 68, 99, 26, 23, 52, 87, 95, 16, 47, 29, 69, 59, 96, 12, 36, 87, 56, 29, 11, 96, 46, 63, 52, 43, 6, 32, 48, 83, 7, 69, 25, 32, 2, 13, 68, 74, 44, 79, 53, 74, 94, 68, 49, 98, 96, 32, 60, 34, 8, 64, 60, 52, 34, 70, 20, 52, 19, 15, 10, 34, 49, 43, 32, 35, 20, 73, 96, 25, 23, 41, 16, 1, 58, 70
80, 13, 72, 100, 48, 36, 21, 9, 37, 53, 28, 53, 12, 96, 59, 34, 46, 25, 1, 89, 17, 85, 70, 64, 91, 50, 31, 43, 58, 54, 28, 25, 27, 3, 5, 94, 63, 69, 88, 81, 22, 34, 46, 44, 79, 5, 36, 4, 20, 41, 46, 81, 61, 38, 25, 92, 93, 85, 93, 17, 55, 30, 15, 48, 13, 93, 33, 44, 93, 95, 5, 44, 22, 8, 60, 21, 17, 63, 69, 27, 45, 15, 93, 23, 45, 76, 27, 59, 92, 14, 95, 78, 23, 94, 17, 63, 67, 42, 7, 53
65, 74, 14, 5, 73, 92, 9, 33, 20, 54, 54, 94, 83, 13, 91, 3, 21, 67, 60, 18, 42, 3, 28, 87, 71, 72, 93, 18, 15, 71, 6, 56, 47, 84, 59, 31, 49, 38, 11, 85, 96, 61, 34, 51, 48, 51, 30, 64, 52, 55, 71, 2, 57, 2, 70, 93, 4, 84, 19, 7, 35, 99, 46, 10, 1, 77, 67, 45, 12, 37, 36, 5, 43, 84, 63, 92, 89, 95, 12, 70, 59, 2, 40, 54, 11, 5, 99, 78, 43, 53, 67, 5, 32, 91, 42, 11, 56, 28, 19, 29
95, 26, 86, 73, 45, 68, 15, 54, 91, 71, 11, 56, 12, 5, 75, 66, 41, 53, 32, 73, 72, 76, 75, 70, 66, 28, 85, 47, 24, 18, 72, 8, 29, 74, 4, 9, 85, 40, 27, 56, 49, 17, 12, 94, 3, 78, 60, 94, 86, 40, 22, 56, 66, 77, 55, 39, 20, 48, 8, 90, 42, 84, 14, 21, 96, 79, 18, 51, 14, 48, 97, 16, 56, 96, 58, 24, 32, 81, 74, 50, 39, 94, 12, 6, 3, 17, 27, 14, 64, 100, 67, 17, 12, 87, 17, 80, 28, 97, 22, 18
65, 10, 82, 1, 51, 70, 59, 34, 18, 31, 21, 28, 66, 90, 43, 47, 70, 95, 56, 59, 14, 1, 16, 77, 62, 54, 45, 16, 43, 23, 8, 36, 42, 66, 89, 10, 33, 89, 12, 22, 21, 72, 52, 94, 9, 100, 68, 73, 60, 53, 46, 34, 71, 47, 38, 57, 24, 89, 8, 95, 14, 90, 19, 27, 42, 49, 67, 80, 68, 90, 38, 26, 43, 45, 18, 87, 94, 43, 80, 53, 81, 98, 52, 44, 15, 53, 86, 83, 6, 81, 43, 94, 97, 34, 59, 26, 50, 54, 68, 35
83, 26, 51, 77, 57, 59, 33, 11, 34, 1, 95, 74, 12, 27, 26, 25, 97, 92, 11, 35, 48, 71, 95, 33, 58, 15, 51, 83, 83, 38, 75, 99, 46, 100, 14, 32, 96, 50, 39, 22, 97, 22, 2, 44, 35, 56, 22, 28, 66, 64, 93, 3, 48, 23, 92, 74, 69, 88, 76, 80, 99, 85, 18, 49, 1, 42, 71, 75, 21, 71, 42, 95, 74, 19, 85, 52, 95, 22, 90, 43, 17, 54, 63, 5, 48, 88, 87, 99, 57, 67, 30, 20, 91, 63, 66, 57, 5, 96, 71, 64
69, 21, 93, 24, 17, 56, 70, 34, 92, 15, 75, 90, 88, 29, 53, 92, 83, 93, 43, 97, 94, 17, 88, 88, 43, 97, 15, 52, 70, 3, 98, 84, 64, 48, 38, 16, 30, 59, 31, 99, 87, 24, 81, 97, 4, 39, 16, 90, 17, 32, 23, 83, 96, 9, 86, 67, 13, 8, 11, 54, 19, 39, 34, 4, 67, 61, 39, 98, 56, 52, 88, 4, 91, 41, 4, 30, 6, 18, 8, 54, 66, 44, 65, 13, 95, 59, 12, 52, 98, 97, 35, 77, 6, 49, 13, 83, 66, 65, 18, 88
95, 3, 21, 4, 32, 92, 33, 68, 53, 46, 79, 41, 78, 90, 40, 5, 52, 88, 52, 54, 85, 82, 8, 39, 95, 86, 63, 38, 82, 65, 48, 53, 100, 46, 33, 56, 76, 15, 47, 70, 89, 80, 6, 70, 80, 60, 89, 48, 86, 58, 32, 55, 10, 36, 60, 52, 43, 71, 84, 43, 83, 56, 44, 95, 70, 61, 2, 53, 99, 88, 96, 21, 6, 25, 79, 89, 53, 92, 31, 57, 21, 97, 14, 17, 97, 84, 89, 62, 86, 37, 77, 84, 91, 8, 26, 85, 50, 66, 41, 22
87, 81, 92, 13, 83, 16, 57, 15, 75, 8, 20, 30, 30, 83, 42, 28, 17, 8, 27, 46, 16, 46, 39, 65, 87, 47, 47, 13, 28, 2, 80, 67, 86, 83, 80, 22, 67, 46, 6, 60, 80, 35, 83, 46, 38, 41, 72, 50, 55, 54, 35, 37, 37, 47, 77, 87, 26, 99, 38, 86, 36, 32, 6, 58, 2, 89, 66, 30, 17, 74, 98, 49, 52, 94, 1, 57, 96, 3, 93, 19, 83, 78, 67, 84, 24, 33, 33, 5, 11, 47, 40, 29, 59, 68, 11, 73, 3, 47, 68, 69
74, 23, 85, 13, 82, 62, 46, 58, 48, 21, 78, 10, 33, 97, 97, 64, 8, 27, 43, 45, 47, 11, 77, 99, 58, 86, 96, 68, 95, 4, 63, 99, 4, 96, 83, 23, 27, 77, 74, 80, 94, 53, 7, 43, 84, 50, 45, 23, 57, 98, 53, 1, 84, 56, 77, 31, 29, 21, 74, 87, 96, 35, 27, 97, 91, 23, 29, 14, 87, 90, 90, 45, 56, 66, 91, 92, 5, 98, 27, 26, 5, 11, 4, 47, 39, 63, 77, 19, 17, 99, 87, 22, 14, 92, 45, 43, 66, 13, 70, 21
35, 53, 27, 38, 76, 93, 33, 81, 27, 74, 58, 29, 31, 85, 8, 25, 30, 29, 59, 91, 62, 83, 3, 92, 93, 53, 70, 39, 15, 68, 62, 61, 22, 37, 43, 90, 40, 44, 49, 94, 90, 65, 36, 24, 65, 12, 72, 95, 86, 25, 2, 100, 66, 86, 10, 93, 100, 35, 30, 8, 84, 53, 30, 23, 71, 86, 89, 29, 17, 91, 46, 61, 85, 72, 28, 87, 34, 7, 70, 71, 17, 53, 85, 27, 7, 77, 85, 6, 44, 44, 8, 92, 52, 37, 17, 54, 8, 82, 47, 5
79, 68, 81, 76, 75, 95, 27, 30, 32, 54, 70, 7, 13, 16, 35, 100, 18, 97, 9, 75, 58, 96, 56, 24, 74, 76, 41, 35, 70, 49, 32, 56, 94, 83, 35, 10, 88, 94, 54, 99, 80, 36, 11, 31, 7, 20, 78, 46, 56, 65, 76, 45, 32, 18, 80, 42, 16, 40, 7, 74, 17, 81, 66, 54, 11, 21, 90, 93, 8, 20, 41, 78, 68, 84, 54, 44, 20, 98, 20, 55, 99, 35, 48, 84, 94, 86, 13, 62, 75, 77, 7, 31, 38, 33, 43, 11, 89, 84, 85, 58
2, 77, 26, 60, 16, 28, 78, 50, 3, 56, 37, 73, 28, 10, 32, 63, 54, 80, 64, 59, 80, 90, 38, 60, 71, 5, 16, 60, 26, 73, 64, 90, 98, 20, 26, 91, 100, 28, 7, 50, 60, 90, 83, 58, 86, 38, 25, 55, 67, 70, 5, 45, 41, 15, 11, 39, 41, 88, 63, 30, 47, 48, 71, 67, 10, 28, 84, 41, 83, 39, 40, 57, 40, 90, 38, 84, 18, 55, 92, 42, 70, 55, 60, 7, 58, 91, 79, 43, 24, 38, 75, 99, 7, 79, 5, 69, 78, 62, 33, 87
69, 60, 48, 95, 47, 14, 9, 64, 4, 61, 92, 85, 72, 12, 17, 29, 40, 68, 57, 75, 25, 48, 35, 52, 6, 72, 70, 43, 10, 59, 60, 65, 8, 29, 48, 51, 60, 65, 51, 59, 79, 81, 24, 60, 69, 18, 44, 57, 11, 68, 5, 41, 90, 44, 46, 30, 10, 34, 27, 45, 88, 32, 89, 3, 30, 32, 67, 8, 63, 17, 80, 29, 80, 75, 27, 36, 40, 81, 80, 88, 70, 42, 65, 84, 61, 72, 19, 62, 48, 55, 68, 94, 29, 60, 48, 50, 41, 50, 82, 79
23, 54, 12, 43, 83, 85, 100, 38, 5, 96, 78, 42, 22, 19, 97, 97, 5, 19, 14, 9, 50, 14, 78, 72, 55, 12, 58, 65, 100, 31, 17, 29, 68, 26, 59, 1, 41, 9, 65, 87, 6, 10, 23, 21, 14, 82, 95, 19, 1, 76, 24, 92, 60, 78, 14, 10, 51, 89, 35, 12, 78, 76, 56, 29, 6, 30, 75, 38, 89, 37, 54, 98, 10, 75, 83, 24, 44, 48, 52, 98, 32, 87, 11, 49, 36, 50, 74, 37, 95, 30, 23, 23, 62, 26, 63, 52, 54, 45, 1, 99
52, 91, 91, 42, 85, 70, 55, 44, 80, 57, 82, 82, 78, 52, 76, 76, 84, 14, 89, 64, 69, 33, 18, 97, 53, 58, 21, 95, 4, 17, 74, 14, 45, 69, 16, 28, 59, 96, 46, 34, 27, 58, 76, 54, 85, 71, 80, 15, 48, 76, 89, 71, 28, 58, 94, 89, 34, 46, 7, 70, 97, 11, 15, 86, 71, 72, 59, 88, 76, 33, 67, 13, 33, 69, 6, 64, 16, 87, 83, 65, 99, 10, 11, 3, 95, 87, 62, 19, 35, 90, 92, 10, 71, 78, 81, 86, 62, 36, 94, 88
81, 33, 47, 45, 2, 100, 33, 16, 89, 52, 20, 85, 23, 17, 5, 39, 19, 93, 1, 61, 6, 76, 40, 90, 99, 49, 53, 98, 27, 75, 46, 74, 13, 38, 89, 16, 25, 35, 52, 72, 39, 18, 87, 77, 82, 73, 47, 71, 20, 30, 6, 58, 35, 35, 28, 60, 60, 83, 31, 68, 56, 32, 16, 87, 44, 31, 52, 99, 29, 52, 73, 88, 15, 78, 10, 60, 37, 50, 59, 57, 50, 92, 82, 49, 90, 35, 41, 3, 93, 54, 6, 7, 60, 74, 49, 37, 79, 76, 72, 87
42, 87, 13, 15, 89, 88, 81, 4, 43, 20, 87, 46, 33, 79, 47, 89, 81, 99, 36, 59, 58, 24, 97, 2, 71, 46, 31, 39, 36, 62, 5, 41, 87, 59, 24, 33, 25, 49, 45, 22, 1, 24, 90, 87, 56, 28, 29, 97, 52, 5, 46, 55, 1, 61, 88, 16, 72, 12, 62, 56, 62, 88, 1, 87, 55, 54, 73, 59, 89, 58, 28, 6, 19, 40, 41, 40, 31, 57, 35, 94, 72, 37, 51, 84, 27, 55, 75, 79, 35, 36, 41, 52, 15, 36, 42, 4, 31, 55, 62, 8
50, 30, 8, 85, 97, 46, 43, 26, 8, 56, 33, 88, 48, 76, 70, 22, 14, 62, 86, 18, 70, 48, 71, 89, 54, 36, 64, 49, 32, 72, 50, 97, 44, 81, 11, 15, 50, 51, 13, 20, 33, 20, 3, 33, 2, 74, 27, 50, 74, 4, 74, 75, 42, 64, 64, 98, 10, 70, 26, 88, 77, 19, 12, 72, 79, 37, 52, 45, 1, 86, 66, 29, 58, 85, 38, 28, 42, 13, 89, 5, 100, 47, 29, 94, 15, 4, 26, 48, 29, 48, 80, 67, 59, 38, 30, 9, 63, 8, 43, 88
78, 9, 71, 9, 100, 56, 23, 59, 75, 32, 67, 33, 31, 82, 46, 93, 7, 26, 23, 45, 68, 31, 65, 66, 94, 5, 32, 37, 65, 2, 68, 14, 81, 6, 61, 7, 78, 66, 24, 99, 90, 18, 95, 13, 94, 75, 12, 23, 11, 73, 6, 85, 8, 7, 55, 78, 14, 49, 65, 11, 8, 53, 39, 1, 5, 12, 85, 81, 21, 94, 66, 53, 71, 29, 38, 55, 32, 26, 71, 3, 83, 55, 41, 38, 17, 73, 41, 42, 16, 2, 69, 34, 10, 29, 81, 11, 33, 21, 6, 20
81, 62, 62, 78, 83, 88, 98, 23, 70, 29, 19, 96, 56, 29, 41, 20, 20, 64, 85, 80, 6, 98, 86, 80, 95, 71, 33, 79, 84, 4, 45, 88, 98, 49, 98, 57, 65, 48, 11, 4, 6, 99, 22, 13, 89, 74, 4, 4, 39, 25, 59, 5, 23, 48, 7, 80, 27, 47, 79, 85, 44, 53, 31, 35, 71, 37, 18, 45, 50, 52, 48, 98, 2, 90, 67, 1, 42, 30, 39, 52, 65, 79, 35, 73, 65, 5, 52, 14, 27, 26, 62, 10, 16, 40, 24, 97, 72, 29, 99, 43
90, 56, 94, 21, 84, 41, 62, 40, 45, 32, 16, 66, 74, 26, 55, 76, 57, 66, 58, 61, 88, 49, 51, 76, 14, 72, 90, 65, 9, 54, 36, 61, 7, 45, 86, 40, 12, 3, 62, 90, 71, 16, 57, 59, 64, 52, 18, 80, 39, 23, 65, 71, 7, 11, 59, 26, 75, 17, 87, 50, 3, 80, 10, 56, 24, 91, 9, 25, 59, 3, 83, 91, 83, 35, 83, 87, 10, 84, 24, 17, 49, 11, 48, 89, 83, 97, 32, 78, 60, 63, 45, 90, 39, 94, 85, 79, 32, 29, 5, 89
3, 14, 49, 25, 95, 3, 17, 57, 14, 21, 74, 17, 72, 95, 92, 5, 52, 44, 87, 98, 7, 62, 34, 70, 28, 33, 53, 2, 7, 7, 93, 87, 3, 69, 9, 6, 26, 31, 68, 36, 78, 4, 5, 27, 13, 31, 86, 59, 42, 59, 63, 91, 57, 50, 63, 94, 30, 24, 17, 35, 30, 67, 23, 94, 36, 85, 3, 16, 35, 24, 57, 81, 9, 90, 4, 22, 65, 78, 25, 60, 61, 44, 88, 1, 42, 80, 93, 80, 11, 77, 81, 47, 73, 1, 50, 97, 38, 1, 86, 60
80, 48, 50, 32, 81, 62, 40, 58, 63, 88, 87, 84, 70, 65, 82, 53, 96, 32, 74, 51, 94, 10, 46, 36, 86, 70, 27, 12, 55, 63, 14, 6, 87, 53, 30, 21, 60, 61, 74, 61, 19, 54, 82, 18, 26, 89, 21, 11, 70, 14, 33, 84, 20, 60, 23, 2, 44, 10, 13, 16, 7, 69, 86, 60, 29, 39, 69, 66, 60, 87, 18, 15, 48, 22, 53, 9, 21, 77, 2, 43, 88, 76, 57, 62, 34, 86, 83, 20, 8, 67, 94, 62, 94, 77, 38, 18, 77, 26, 56, 73
70, 78, 99, 95, 71, 5, 14, 12, 9, 22, 1, 67, 43, 84, 90, 65, 37, 79, 48, 13, 89, 55, 25, 70, 23, 61, 39, 14, 79, 69, 8, 12, 7, 22, 50, 30, 74, 94, 72, 2, 35, 52, 10, 40, 64, 74, 95, 69, 13, 46, 81, 52, 54, 36, 75, 72, 38, 59, 90, 28, 7, 38, 70, 35, 7, 18, 31, 70, 60, 65, 79, 72, 84, 92, 35, 62, 46, 69, 75, 48, 56, 38, 53, 49, 12, 37, 93, 33, 94, 41, 78, 79, 98, 9, 63, 44, 70, 77, 14, 18
85, 31, 41, 56, 40, 3, 24, 84, 99, 63, 81, 39, 24, 55, 4, 49, 85, 59, 33, 70, 58, 76, 31, 100, 43, 64, 63, 29, 14, 72, 31, 62, 92, 9, 14, 80, 5, 80, 46, 47, 31, 93, 42, 33, 31, 76, 61, 55, 60, 52, 98, 60, 30, 12, 17, 35, 35, 67, 26, 66, 32, 92, 61, 6, 17, 15, 65, 50, 56, 15, 24, 7, 45, 43, 96, 12, 12, 36, 85, 41, 19, 89, 93, 6, 24, 30, 3, 2, 14, 67, 83, 8, 2, 12, 19, 74, 73, 22, 38, 71
77, 30, 59, 91, 28, 40, 42, 36, 25, 31, 80, 32, 30, 39, 47, 29, 70, 7, 16, 5, 16, 35, 38, 31, 99, 18, 11, 52, 78, 69, 66, 80, 46, 96, 4, 18, 51, 6, 35, 92, 79, 34, 57, 15, 41, 59, 92, 22, 30, 74, 12, 89, 30, 75, 49, 55, 24, 82, 19, 28, 6, 27, 73, 61, 14, 28, 41, 92, 37, 69, 62, 100, 90, 49, 61, 29, 26, 46, 20, 95, 92, 70, 57, 46, 90, 16, 19, 67, 41, 79, 10, 73, 65, 10, 9, 32, 21, 41, 19, 65
84, 78, 100, 36, 83, 87, 82, 56, 44, 45, 57, 55, 26, 85, 14, 82, 45, 10, 87, 24, 96, 20, 90, 13, 20, 100, 24, 40, 87, 60, 40, 12, 46, 95, 33, 67, 74, 58, 27, 59, 81, 40, 9, 73, 56, 35, 29, 87, 13, 49, 50, 56, 77, 84, 100, 42, 67, 97, 78, 24, 72, 64, 75, 62, 58, 24, 9, 79, 48, 46, 24, 79, 39, 85, 25, 8, 67, 12, 63, 75, 26, 51, 54, 91, 78, 99, 49, 80, 15, 89, 87, 47, 82, 64, 6, 9, 57, 55, 79, 15
9, 45, 92, 99, 47, 40, 26, 85, 69, 11, 18, 24, 31, 90, 79, 47, 57, 44, 9, 59, 17, 9, 11, 3, 22, 97, 69, 38, 7, 98, 7, 80, 75, 51, 99, 82, 71, 59, 22, 59, 38, 24, 72, 63, 91, 75, 47, 63, 63, 46, 79, 25, 72, 23, 81, 40, 94, 71, 5, 24, 87, 41, 9, 25, 41, 27, 7, 21, 73, 3, 13, 57, 21, 75, 98, 11, 76, 41, 62, 7, 26, 88, 63, 97, 74, 91, 8, 60, 85, 35, 57, 97, 6, 64, 53, 43, 50, 62, 20, 56
99, 44, 96, 66, 68, 100, 78, 3, 11, 67, 74, 71, 7, 44, 6, 18, 27, 8, 53, 56, 16, 79, 25, 16, 71, 74, 49, 5, 36, 66, 88, 48, 4, 13, 89, 65, 78, 24, 25, 56, 63, 98, 6, 55, 31, 93, 10, 67, 21, 24, 55, 21, 11, 44, 85, 78, 69, 52, 86, 79, 60, 29, 50, 64, 66, 48, 29, 59, 97, 24, 26, 22, 18, 73, 10, 30, 87, 15, 27, 51, 60, 34, 29, 41, 38, 50, 31, 24, 28, 51, 32, 57, 74, 58, 9, 62, 59, 8, 2, 86
83, 8, 39, 49, 13, 47, 96, 27, 34, 46, 54, 53, 91, 50, 78, 53, 57, 80, 28, 93, 24, 89, 38, 54, 10, 98, 70, 58, 92, 47, 73, 74, 80, 81, 75, 82, 45, 39, 19, 96, 14, 33, 38, 23, 41, 44, 44, 32, 62, 98, 30, 89, 12, 35, 90, 25, 72, 68, 34, 10, 87, 91, 99, 88, 48, 15, 1, 70, 75, 19, 60, 37, 28, 66, 83, 79, 54, 55, 28, 82, 88, 38, 38, 18, 98, 12, 47, 29, 46, 66, 45, 96, 94, 38, 99, 18, 81, 82, 26, 40