20, 41, 27, 34, 82, 93, 24, 39, 34, 92, 50, 57, 78, 69, 93, 56, 74, 3, 10, 24, 8, 90, 33, 27, 77, 97, 40, 84, 86, 34, 35, 1, 83, 67, 43, 13, 30, 30, 51, 83, 62, 47, 51, 77, 70, 24, 66, 61, 92, 10, 73, 44, 76, 40, 71, 58, 16, 41, 31, 9, 54, 37, 18, 61, 44, 70, 17, 54, 61, 52, 24, 27, 25, 75, 16, 26, 74, 25, 22, 9, 95, 10, 4, 90, 27, 96, 8, 13, 78, 52, 28, 85, 55, 72, 70, 60, 29, 90, 8, 20
53, 51, 65, 83, 58, 66, 37, 59, 91, 26, 15, 68, 61, 13, 12, 18, 81, 54, 28, 98, 38, 98, 91, 54, 8, 49, 11, 88, 31, 95, 97, 3, 46, 35, 63, 23, 24, 36, 12, 31, 100, 61, 20, 74, 12, 89, 9, 41, 84, 97, 29, 53, 37, 22, 30, 73, 94, 30, 88, 16, 54, 18, 93, 73, 96, 66, 44, 77, 94, 90, 82, 5, 33, 67, 1, 97, 59, 18, 32, 7, 62, 68, 64, 41, 12, 78, 3, 94, 89, 93, 44, 93, 71, 39, 87, 93, 94, 55, 5, 45
82, 16, 14, 97, 36, 83, 36, 91, 13, 63, 39, 86, 91, 7, 57, 98, 16, 47, 48, 54, 7, 7, 37, 42, 88, 76, 80, 97, 35, 5, 30, 23, 66, 87, 3, 46, 68, 12, 46, 51, 60, 10, 52, 73, 19, 8, 61, 82, 5, 84, 45, 77, 62, 6, 89, 60, 18, 41, 52, 44, 38, 9, 59, 94, 29, 44, 99, 53, 79, 99, 39, 86, 21, 22, 40, 39, 82, 97, 53, 91, 40, 95, 70, 28, 18, 28, 27, 100, 100, 18, 63, 97, 55, 36, 84, 83, 33, 7, 56, 55
50, 50, 71, 41, 16, 93, 83, 62, 22, 74, 76, 2, 31, 12, 85, 55, 4, 99, 82, 8, 64, 9, 26, 69, 94, 38, 85, 93, 70, 2, 38, 1, 9, 50, 22, 28, 84, 75, 52, 88, 92, 89, 87, 30, 10, 86, 84, 32, 35, 63, 43, 28, 19, 83, 70, 76, 11, 8, 93, 49, 44, 97, 78, 85, 50, 96, 51, 88, 90, 66, 19, 84, 37, 25, 68, 78, 74, 28, 43, 85, 83, 31, 19, 57, 59, 98, 82, 58, 73, 93, 46, 25, 50, 42, 65, 93, 11, 1, 100, 76
62, 82, 77, 36, 16, 68, 1, 73, 87, 36, 8, 28, 49, 60, 62, 5, 3, 44, 4, 83, 63, 60, 39, 15, 67, 46, 75, 7, 19, 89, 13, 79, 65, 3, 60, 1, 20, 59, 32, 17, 62, 19, 43, 91, 98, 2, 18, 43, 20, 87, 27, 25, 84, 65, 49, 10, 60, 50, 78, 4, 45, 66, 83, 14, 20, 9, 55, 15, 80, 53, 10, 49, 89, 98, 23, 75, 28, 51, 36, 100, 56, 64, 41, 16, 85, 57, 97, 84, 91, 78, 1, 16, 33, 73, 34, 90, 27, 36, 49, 56
9, 51, 80, 43, 30, 35, 33, 100, 34, 42, 41, 59, 70, 10, 99, 50, 21, 28, 22, 11, 56, 55, 99, 7, 17, 79, 40, 7, 53, 57, 5, 14, 100, 40, 67, 83, 93, 50, 44, 43, 79, 44, 17, 53, 5, 14, 72, 43, 44, 41, 77, 69, 9, 4, 50, 28, 69, 37, 84, 14, 100, 78, 18, 61, 82, 8, 24, 24, 35, 91, 98, 55, 60, 62, 85, 25, 24, 50, 65, 37, 85, 88, 70, 7, 96, 46, 22, 18, 34, 91, 19, 49, 78, 29, 91, 22, 45, 26, 3, 75
96, 56, 92, 33, 62, 39, 28, 58, 63, 99, 14, 30, 59, 41, 76, 86, 88, 6, 14, 55, 96, 97, 68, 25, 12, 87, 28, 74, 12, 94, 39, 10, 50, 77, 41, 40, 96, 1, 7, 37, 11, 75, 3, 14, 70, 78, 52, 56, 5, 89, 57, 36, 58, 9, 12, 82, 92, 6, 57, 46, 93, 75, 29, 11, 21, 2, 42, 30, 92, 41, 45, 32, 75, 56, 80, 51, 60, 52, 86, 17, 54, 78, 65, 11, 13, 43, 11, 77, 37, 60, 82, 21, 28, 38, 23, 5, 69, 8, 92, 51
33, 95, 92, 91, 66, 75, 48, 88, 60, 65, 14, 18, 20, 11, 11, 65, 65, 95, 63, 38, 29, 81, 18, 68, 33, 76, 96, 94, 44, 73, 7, 45, 80, 79, 8, 84, 14, 11, 44, 56, 22, 10, 12, 72, 87, 58, 81, 95, 56, 14, 83, 91, 97, 91, 7, 76, 33, 38, 1, 58, 94, 76, 76, 20, 45, 96, 81, 54, 90, 64, 97, 14, 5, 71, 10, 37, 26, 90, 2, 1, 19, 20, 65, 7, 31, 79, 74, 41, 90, 34, 40, 26, 5, 89, 65, 62, 75, 39, 26, 82
56, 93, 60, 95, 60, 40, 73, 8, 20, 28, 35, 35, 53, 16, 23, 13, 87, 100, 72, 39, 5, 76, 48, 28, 97, 25, 29, 27, 49, 80, 9, 8, 54, 99, 60, 22, 79, 19, 49, 19, 78, 39, 13, 83, 100, 21, 33, 67, 72, 42, 72, 43, 36, 66, 3, 56, 26, 13, 91, 58, 65, 76, 89, 25, 17, 88, 54, 70, 5, 21, 8, 42, 55, 52, 71, 42, 82, 68, 62, 52, 44, 69, 8, 23, 96, 29, 36, 2, 14, 77, 54, 4, 11, 53, 82, 85, 57, 69, 61, 20
50, 20, 99, 66, 64, 78, 77, 94, 77, 29, 77, 22, 27, 89, 13, 29, 58, 24, 99, 10, 17, 95, 22, 38, 31, 88, 91, 47, 42, 74, 75, 62, 13, 36, 89, 89, 68, 94, 85, 82, 26, 94, 63, 10, 84, 17, 61, 37, 6, 45, 55, 96, 79, 56, 77, 6, 87, 71, 5, 1, 46, 100, 13, 79, 41, 5, 87, 78, 57, 21, 60, 65, 25, 69, 12, 32, 80, 24, 74, 79, 56, 54, 73, 42, 9, 59, 9, 77, 12, 70, 43, 63, 33, 12, 59, 54, 3, 58, 74, 93
96, 87, 56, 61, 69, 100, 17, 39, 57, 50, 63, 89, 5, 32, 26, 78, 81, 77, 58, 62, 40, 10, 78, 62, 96, 13, 4, 26, 62, 19, 92, 54, 46, 82, 55, 83, 53, 18, 24, 11, 11, 59, 78, 100, 86, 6, 12, 22, 99, 39, 72, 60, 40, 82, 25, 14, 27, 29, 11, 55, 96, 12, 15, 96, 89, 76, 16, 98, 36, 6, 97, 91, 35, 78, 84, 46, 34, 72, 81, 95, 60, 77, 8, 69, 60, 52, 4, 66, 15, 49, 22, 55, 7, 35, 59, 18, 87, 79, 59, 45
85, 90, 28, 31, 38, 88, 60, 71, 46, 21, 73, 25, 86, 1, 46, 49, 34, 71, 35, 97, 26, 25, 50, 66, 98, 18, 91, 82, 79, 56, 41, 47, 41, 84, 6, 36, 75, 27, 13, 16, 83, 2, 44, 12, 84, 5, 16, 80, 3, 66, 13, 68, 61, 17, 64, 75, 37, 30, 79, 31, 51, 15, 61, 37, 25, 45, 51, 94, 66, 82, 68, 99, 13, 71, 34, 40, 86, 56, 12, 8, 71, 48, 57, 96, 91, 40, 37, 56, 85, 84, 8, 99, 43, 20, 80, 42, 38, 9, 3, 29
53, 30, 78, 53, 57, 100, 36, 98, 30, 82, 90, 24, 77, 73, 1, 97, 85, 41, 89, 35, 40, 36, 70, 75, 81, 34, 82, 8, 8, 54, 12, 9, 63, 86, 26, 23, 4, 92, 95, 90, 100, 82, 58, 71, 43, 56, 66, 24, 1, 95, 72, 28, 73, 94, 19, 11, 47, 94, 15, 96, 71, 2, 85, 23, 56, 89, 87, 41, 98, 100, 29, 31, 36, 87, 51, 77, 70, 87, 67, 88, 60, 3, 68, 4, 11, 55, 67, 91, 13, 73, 38, 3, 33, 24, 85, 98, 11, 80, 30, 87
92, 89, 77, 13, 50, 70, 71, 48, 19, 1, 89, 29, 65, 48, 9, 49, 71, 66, 46, 2, 66, 91, 73, 79, 17, 92, 92, 46, 44, 97, 55, 61, 19, 75, 40, 56, 63, 99, 15, 38, 13, 15, 43, 99, 81, 53, 100, 12, 1, 75, 31, 20, 34, 7, 9, 25, 11, 16, 97, 86, 56, 71, 74, 9, 41, 74, 47, 16, 8, 66, 17, 42, 15, 10, 73, 71, 51, 15, 86, 33, 43, 100, 38, 56, 14, 92, 77, 64, 76, 19, 17, 31, 83, 6, 9, 69, 51, 82, 85, 54
8, 14, 35, 10, 39, 70, 12, 7, 6, 13, 45, 78, 57, 75, 29, 25, 84, 68, 66, 26, 74, 10, 15, 38, 67, 94, 92, 61, 81, 67, 32, 57, 67, 36, 87, 79, 47, 74, 54, 54, 24, 99, 34, 83, 5, 31, 43, 10, 10, 27, 3, 61, 92, 72, 9, 22, 91, 22, 22, 29, 44, 51, 42, 20, 82, 66, 23, 50, 56, 30, 62, 13, 77, 36, 34, 62, 94, 24, 97, 30, 42, 15, 92, 36, 89, 57, 93, 27, 26, 37, 78, 45, 77, 18, 71, 55, 56, 80, 54, 74
71, 67, 14, 74, 11, 27, 50, 59, 31, 26, 33, 41, 43, 24, 15, 18, 68, 19, 29, 55, 30, 14, 73, 30, 76, 15, 9, 29, 94, 86, 5, 51, 55, 75, 25, 14, 42, 46, 42, 81, 44, 74, 56, 86, 63, 36, 51, 61, 81, 95, 42, 83, 50, 87, 89, 51, 3, 89, 10, 84, 4, 3, 91, 64, 64, 13, 41, 7, 2, 90, 57, 24, 85, 8, 42, 49, 59, 64, 13, 49, 2, 55, 11, 3, 4, 21, 36, 55, 78, 53, 51, 98, 77, 99, 12, 13, 12, 49, 60, 98
82, 14, 1, 43, 23, 9, 41, 35, 57, 59, 78, 67, 62, 59, 44, 49, 78, 28, 8, 57, 38, 34, 31, 86, 21, 7, 99, 5, 42, 32, 30, 11, 32, 37, 8, 96, 42, 16, 22, 54, 58, 26, 26, 2, 89, 85, 69, 87, 1, 58, 11, 23, 97, 4, 96, 71, 89, 67, 69, 87, 34, 77, 69, 52, 94, 88, 44, 59, 85, 4, 39, 90, 86, 11, 87, 15, 99, 49, 35, 92, 77, 53, 73, 73, 16, 20, 24, 44, 98, 63, 92, 81, 71, 83, 6, 5, 55, 97, 8, 45
76, 2, 78, 68, 44, 44, 16, 72, 65, 15, 57, 86, 70, 30, 23, 42, 65, 11, 67, 21, 48, 40, 33, 43, 35, 27, 36, 23, 67, 76, 83, 47, 89, 69, 19, 45, 23, 32, 38, 86, 8, 13, 60, 52, 58, 77, 32, 62, 33, 78, 85, 49, 52, 26, 51, 45, 40, 56, 51, 31, 2, 28, 99, 92, 39, 53, 10, 7, 92, 64, 99, 51, 25, 20, 87, 51, 83, 89, 82, 48, 87, 55, 87, 58, 70, 42, 17, 71, 49, 89, 25, 74, 69, 87, 1, 47, 11, 99, 56, 59
23, 34, 46, 57, 3, 91, 99, 4, 72, 85, 25, 60, 45, 12, 2, 98, 100, 94, 41, 40, 82, 86, 64, 56, 85, 20, 12, 38, 23, 21, 21, 52, 63, 41, 91, 65, 10, 92, 67, 53, 2, 73, 81, 77, 53, 20, 93, 1, 40, 52, 50, 57, 29, 39, 89, 59, 81, 41, 81, 3, 28, 35, 2, 41, 76, 50, 8, 19, 100, 75, 22, 10, 21, 59, 12, 75, 12, 100, 49, 59, 66, 74, 78, 95, 19, 17, 61, 27, 37, 51, 23, 64, 83, 61, 36, 36, 99, 84, 40, 21
88, 11, 13, 32, 81, 82, 36, 94, 43, 82, 32, 52, 4, 98, 66, 60, 52, 49, 48, 71, 50, 60, 13, 93, 76, 100, 79, 91, 50, 43, 63, 56, 60, 33, 56, 97, 65, 48, 1, 91, 83, 31, 69, 38, 80, 14, 74, 24, 50, 55, 1, 63, 12, 41, 12, 48, 43, 98, 91, 58, 85, 89, 46, 34, 74, 14, 86, 17, 50, 70, 100, 29, 1, 50, 23, 32, 13, 45, 16, 5, 45, 19, 61, 55, 50, 8, 26, 92, 12, 99, 78, 2, 95, 21, 21, 71, 88, 12, 47, 73
47, 95, 6, 16, 64, 75, 11, 30, 69, 93, 71, 37, 28, 63, 45, 28, 53, 28, 47, 66, 4, 63, 60, 99, 49, 93, 41, 22, 31, 32, 86, 15, 37, 28, 49, 65, 26, 28, 96, 83, 9, 62, 6, 26, 19, 38, 10, 25, 95, 51, 97, 4, 99, 55, 58, 3, 34, 56, 74, 72, 71, 81, 47, 33, 97, 18, 20, 19, 84, 56, 62, 87, 22, 45, 58, 85, 96, 68, 29, 26, 74, 9, 51, 63, 52, 46, 11, 64, 100, 3, 29, 58, 45, 22, 26, 6, 100, 62, 55, 19
44, 97, 62, 70, 9, 82, 9, 75, 34, 39, 80, 24, 98, 60, 19, 22, 37, 22, 61, 77, 45, 12, 29, 23, 91, 57, 88, 56, 13, 31, 64, 80, 13, 83, 3, 92, 91, 96, 11, 1, 59, 93, 76, 11, 96, 83, 63, 76, 63, 18, 65, 71, 24, 69, 34, 21, 8, 73, 53, 2, 47, 47, 22, 14, 21, 79, 55, 77, 29, 28, 57, 40, 95, 16, 3, 53, 49, 63, 69, 56, 16, 75, 44, 71, 32, 21, 50, 5, 89, 26, 69, 59, 39, 82, 24, 52, 4, 70, 57, 3
38, 28, 100, 3, 94, 7, 8, 79, 40, 48, 48, 70, 5, 24, 54, 36, 84, 2, 36, 72, 52, 22, 79, 63, 26, 73, 13, 92, 94, 72, 52, 19, 19, 71, 18, 36, 64, 19, 18, 49, 88, 43, 24, 90, 39, 66, 74, 38, 13, 57, 9, 72, 63, 25, 13, 61, 16, 43, 25, 1, 99, 71, 86, 14, 6, 85, 69, 74, 60, 72, 31, 27, 45, 26, 41, 5, 93, 43, 26, 96, 83, 95, 29, 36, 22, 13, 72, 6, 53, 100, 49, 25, 41, 55, 86, 64, 30, 67, 54, 25
83, 60, 1, 47, 97, 20, 22, 59, 17, 50, 43, 75, 74, 56, 65, 83, 74, 54, 36, 18, 12, 2, 88, 67, 96, 63, 44, 85, 74, 50, 87, 78, 48, 4, 20, 51, 91, 95, 48, 3, 17, 3, 43, 8, 57, 16, 74, 31, 90, 63, 70, 20, 25, 33, 70, 11, 45, 90, 25, 71, 94, 28, 29, 65, 10, 33, 22, 71, 69, 13, 20, 90, 92, 90, 17, 31, 90, 94, 83, 78, 20, 24, 65, 63, 83, 38, 23, 80, 87, 97, 58, 39, 46, 30, 95, 44, 3, 100, 65, 91
39, 20, 20, 95, 7, 12, 74, 67, 61, 38, 1, 39, 33, 18, 68, 51, 31, 71, 87, 46, 94, 1, 45, 17, 39, 59, 63, 99, 50, 5, 81, 95, 79, 58, 46, 67, 29, 10, 40, 43, 75, 38, 4, 27, 8, 3, 85, 22, 12, 43, 89, 29, 89, 45, 31, 17, 73, 51, 51, 47, 65, 97, 40, 57, 53, 76, 37, 47, 81, 25, 61, 21, 95, 95, 99, 93, 89, 33, 19, 36, 38, 66, 38, 8, 3, 40, 5, 68, 12, 7, 30, 77, 54, 49, 79, 18, 26, 76, 8, 22
56, 48, 56, 39, 93, 29, 87, 4, 49, 17, 5, 92, 94, 94, 1, 56, 8, 83, 19, 92, 94, 89, 100, 18, 48, 45, 71, 8, 13, 94, 72, 89, 14, 54, 28, 20, 76, 15, 85, 96, 34, 90, 57, 18, 80, 6, 56, 77, 38, 21, 48, 59, 100, 21, 87, 6, 76, 23, 65, 16, 59, 48, 64, 87, 95, 73, 34, 78, 69, 86, 32, 64, 80, 98, 31, 10, 84, 24, 56, 66, 59, 39, 59, 51, 71, 6, 98, 82, 31, 35, 74, 93, 62, 86, 64, 32, 31, 43, 41, 74
68, 82, 19, 22, 70, 6, 83, 86, 86, 87, 3, 76, 58, 97, 30, 65, 4, 49, 76, 46, 65, 76, 5, 60, 35, 22, 18, 93, 99, 29, 78, 9, 29, 91, 82, 20, 39, 26, 43, 6, 65, 5, 78, 95, 94, 61, 78, 19, 17, 42, 17, 34, 5, 78, 87, 43, 86, 90, 44, 9, 38, 29, 91, 47, 92, 49, 30, 68, 28, 38, 4, 12, 14, 18, 51, 15, 73, 44, 43, 76, 87, 91, 10, 86, 76, 18, 24, 80, 78, 17, 94, 30, 28, 74, 30, 41, 31, 79, 65, 6
73, 1, 50, 75, 84, 54, 90, 8, 76, 63, 15, 93, 16, 29, 44, 16, 43, 58, 21, 47, 96, 14, 46, 92, 56, 50, 61, 64, 88, 25, 41, 76, 81, 61, 94, 13, 77, 27, 79, 92, 51, 96, 59, 12, 14, 23, 93, 90, 28, 29, 50, 57, 7, 93, 67, 8, 95, 86, 27, 88, 82, 100, 62, 83, 76, 29, 49, 31, 44, 16, 29, 8, 74, 48, 45, 21, 76, 41, 71, 70, 33, 28, 33, 100, 88, 45, 49, 71, 5, 44, 7, 56, 44, 56, 60, 74, 21, 76, 29, 69
63, 69, 31, 74, 85, 82, 10, 68, 65, 81, 6, 20, 69, 32, 99, 88, 83, 54, 85, 48, 69, 11, 81, 64, 44, 43, 71, 57, 25, 17, 95, 29, 25, 14, 3, 20, 62, 8, 85, 3, 11, 68, 18, 59, 7, 27, 71, 81, 26, 63, 59, 43, 73, 65, 86, 46, 95, 33, 69, 77, 51, 65, 66, 2, 57, 45, 16, 37, 13, 84, 77, 82, 10, 89, 70, 3, 52, 59, 9, 26, 93, 89, 31, 76, 50, 91, 49, 98, 5, 60, 98, 48, 31, 76, 39, 36, 26, 63, 27, 61
56, 3, 27, 50, 81, 38, 95, 16, 66, 38, 96, 59, 33, 94, 4, 15, 5, 43, 5, 78, 71, 14, 9, 89, 94, 70, 40, 23, 55, 63, 65, 13, 39, 16, 86, 65, 81, 95, 60, 38, 5, 92, 97, 42, 23, 10, 70, 67, 47, 73, 39, 52, 51, 38, 13, 75, 24, 42, 91, 65, 36, 27, 91, 67, 49, 94, 51, 32, 25, 47, 18, 88, 73, 33, 100, 47, 60, 6, 35, 3, 1, 18, 62, 21, 2, 55, 22, 65, 97, 29, 23, 80, 64, 4, 24, 21, 11, 57, 4, 91
22, 1, 46, 67, 28, 86, 28, 77, 7, 20, 52, 62, 2, 54, 99, 59, 48, 5, 74, 99, 96, 76, 34, 74, 26, 12, 64, 82, 99, 74, 67, 27, 29, 18, 10, 65, 3, 73, 16, 15, 18, 10, 14, 16, 18, 49, 29, 15, 14, 47, 77, 65, 75, 20, 96, 90, 70, 27, 78, 70, 29, 84, 1, 86, 31, 100, 39, 46, 45, 41, 73, 82, 1, 73, 18, 62, 13, 59, 19, 59, 100, 80, 80, 48, 69, 65, 1, 76, 95, 9, 94, 64, 14, 45, 10, 64, 63, 76, 96, 83
75, 37, 11, 70, 75, 71, 54, 53, 42, 11, 58, 19, 68, 18, 85, 8, 86, 62, 92, 98, 70, 48, 80, 25, 33, 49, 95, 79, 74, 100, 32, 51, 67, 21, 24, 55, 91, 100, 50, 8, 5, 41, 33, 38, 95, 93, 85, 24, 93, 42, 5, 84, 79, 1, 36, 58, 52, 68, 74, 32, 39, 28, 90, 78, 88, 28, 26, 63, 85, 11, 2, 12, 97, 85, 52, 71, 8, 78, 16, 37, 38, 57, 9, 38, 48, 13, 39, 78, 66, 18, 50, 92, 31, 14, 50, 63, 54, 30, 30, 49
94, 69, 42, 98, 34, 71, 27, 18, 90, 92, 90, 62, 69, 11, 33, 44, 51, 69, 32, 45, 66, 98, 15, 99, 70, 74, 16, 88, 7, 58, 90, 4, 22, 20, 58, 18, 29, 56, 12, 3, 48, 11, 8, 77, 90, 69, 10, 81, 54, 42, 77, 35, 36, 24, 83, 68, 98, 87, 1, 31, 15, 38, 44, 4, 36, 82, 57, 78, 7, 30, 16, 27, 11, 78, 73, 28, 2, 41, 98, 74, 22, 19, 47, 96, 100, 82, 96, 92, 35, 58, 67, 36, 77, 21, 59, 3, 91, 46, 9, 100
80, 83, 53, 91, 89, 35, 26, 65, 54, 77, 39, 56, 93, 26, 8, 37, 68, 76, 56, 55, 77, 69, 46, 86, 80, 25, 57, 15, 21, 48, 94, 22, 17, 8, 88, 64, 48, 96, 28, 24, 88, 75, 45, 38, 99, 95, 14, 46, 61, 87, 98, 64, 56, 75, 21, 98, 69, 32, 50, 84, 59, 32, 18, 84, 15, 12, 26, 40, 50, 25, 99, 81, 1, 70, 54, 55, 82, 58, 68, 32, 35, 21, 70, 44, 39, 49, 59, 94, 52, 57, 45, 16, 73, 15, 87, 41, 74, 59, 91, 28
35, 28, 99, 77, 70, 95, 48, 9, 100, 54, 80, 82, 67, 5, 75, 86, 96, 69, 7, 42, 14, 43, 84, 19, 63, 36, 12, 36, 18, 1, 73, 26, 77, 10, 39, 20, 47, 66, 19, 63, 47, 50, 67, 36, 12, 63, 14, 75, 88, 3, 40, 54, 55, 95, 96, 68, 98, 76, 42, 77, 69, 25, 47, 74, 61, 71, 67, 4, 59, 53, 39, 15, 69, 48, 92, 22, 83, 60, 53, 66, 6, 26, 69, 89, 45, 33, 54, 91, 4, 94, 86, 81, 29, 80, 2, 44, 37, 21, 59, 12
15, 24, 8, 67, 90, 36, 22, 92, 95, 7, 75, 63, 76, 56, 77, 31, 90, 58, 21, 76, 7, 21, 9, 97, 99, 47, 90, 10, 58, 98, 34, 14, 68, 35, 98, 13, 9, 78, 59, 31, 21, 53, 29, 43, 60, 53, 95, 41, 94, 94, 96, 25, 76, 42, 64, 14, 100, 31, 11, 91, 20, 51, 62, 51, 22, 70, 5, 58, 6, 17, 19, 78, 36, 18, 100, 9, 15, 95, 30, 34, 27, 46, 28, 52, 95, 31, 39, 13, 44, 5, 81, 99, 66, 78, 88, 26, 72, 33, 52, 71
30, 19, 23, 84, 97, 35, 79, 82, 35, 52, 33, 58, 69, 28, 77, 97, 7, 98, 98, 60, 29, 74, 21, 22, 86, 97, 60, 39, 39, 76, 74, 36, 100, 57, 71, 12, 2, 99, 93, 46, 75, 24, 37, 14, 8, 61, 34, 75, 91, 93, 6, 8, 57, 17, 3, 68, 20, 20, 72, 34, 54, 55, 83, 50, 75, 59, 42, 97, 11, 27, 6, 84, 60, 60, 52, 69, 15, 45, 13, 36, 28, 50, 53, 42, 95, 67, 54, 5, 1, 54, 16, 66, 43, 91, 34, 88, 13, 37, 33, 53
88, 49, 76, 36, 12, 100, 15, 34, 84, 98, 85, 5, 33, 62, 19, 62, 81, 32, 97, 51, 14, 67, 91, 40, 72, 65, 19, 59, 74, 31, 33, 15, 12, 48, 45, 2, 27, 72, 98, 37, 94, 90, 33, 29, 23, 45, 84, 96, 72, 86, 65, 73, 22, 92, 1, 99, 27, 72, 13, 99, 29, 85, 91, 72, 15, 1, 72, 68, 87, 70, 49, 11, 87, 28, 19, 54, 60, 49, 82, 37, 87, 89, 23, 91, 61, 20, 88, 84, 84, 62, 33, 4, 65, 20, 44, 21, 34, 64, 36, 74
70, 4, 14, 59, 12, 9, 94, 41, 69, 10, 53, 39, 55, 71, 96, 95, 82, 66, 58, 14, 11, 6, 41, 19, 45, 69, 15, 65, 4, 91, 45, 74, 1, 72, 21, 85, 77, 14, 11, 98, 22, 93, 92, 65, 9, 1, 19, 49, 14, 73, 96, 14, 95, 4, 21, 47, 70, 47, 34, 62, 33, 88, 19, 12, 96, 74, 29, 94, 32, 36, 17, 59, 34, 28, 18, 79, 24, 53, 58, 65, 1, 73, 29, 89, 77, 53, 68, 19, 58, 6, 93, 93, 37, 59, 35, 24, 58, 28, 8, 7
86, 20, 81, 65, 97, 5, 49, 21, 11, 53, 96, 3, 71, 40, 93, 66, 54, 1, 47, 39, 37, 15, 5, 64, 93, 77, 22, 21, 98, 57, 5, 97, 19, 46, 7, 13, 46, 32, 89, 76, 95, 11, 93, 25, 1, 89, 49, 85, 82, 1, 18, 14, 22, 78, 68, 21, 32, 10, 100, 27, 18, 70, 65, 17, 94, 44, 92, 75, 60, 72, 8, 11, 90, 25, 72, 83, 85, 81, 67, 52, 23, 78, 97, 30, 12, 90, 59, 26, 77, 99, 60, 94, 14, 43, 84, 100, 49, 100, 84, 75
78, 87, 95, 39, 14, 4, 99, 84, 3, 75, 40, 7, 60, 87, 72, 13, 93, 59, 24, 45, 53, 65, 56, 76, 79, 42, 8, 60, 49, 17, 18, 40, 33, 6, 95, 33, 33, 9, 17, 82, 95, 8, 40, 52, 88, 53, 80, 36, 99, 6, 35, 80, 39, 32, 98, 49, 47, 61, 85, 26, 100, 51, 100, 41, 67, 9, 44, 87, 38, 75, 64, 64, 97, 1, 56, 21, 58, 12, 64, 70, 29, 76, 22, 64, 87, 5, 63, 9, 47, 6, 73, 60, 2, 18, 79, 36, 50, 57, 32, 97
69, 6, 17, 91, 77, 66, 100, 100, 81, 42, 17, 33, 29, 10, 91, 29, 41, 78, 24, 6, 88, 95, 40, 73, 23, 95, 43, 75, 85, 56, 61, 31, 62, 93, 90, 45, 14, 1, 26, 62, 79, 12, 92, 35, 50, 65, 27, 5, 75, 10, 22, 22, 16, 89, 80, 88, 17, 92, 99, 6, 24, 87, 62, 3, 8, 100, 6, 85, 63, 52, 49, 73, 65, 69, 12, 77, 80, 83, 97, 84, 3, 97, 96, 96, 91, 47, 52, 95, 68, 76, 61, 58, 40, 59, 85, 82, 46, 72, 8, 62
80, 39, 27, 21, 65, 51, 96, 11, 87, 93, 63, 18, 37, 40, 69, 72, 72, 65, 72, 2, 46, 72, 3, 14, 73, 9, 77, 89, 40, 67, 70, 15, 24, 84, 100, 81, 31, 9, 53, 70, 9, 10, 37, 39, 84, 42, 40, 44, 41, 45, 32, 15, 49, 54, 45, 84, 48, 94, 96, 3, 12, 5, 52, 40, 83, 84, 94, 16, 52, 89, 21, 40, 95, 59, 24, 53, 71, 51, 69, 88, 37, 58, 22, 94, 93, 41, 43, 10, 74, 62, 87, 10, 40, 33, 36, 68, 71, 17, 12, 45
44, 41, 3, 33, 6, 16, 12, 11, 34, 23, 12, 29, 1, 48, 12, 89, 32, 51, 83, 81, 7, 47, 20, 89, 74, 77, 97, 1, 95, 47, 75, 94, 54, 7, 89, 10, 52, 70, 33, 56, 29, 23, 13, 98, 48, 33, 55, 87, 25, 9, 27, 13, 3, 18, 7, 55, 73, 19, 90, 17, 44, 1, 57, 84, 99, 39, 39, 8, 85, 24, 1, 60, 17, 92, 47, 28, 17, 50, 53, 69, 36, 84, 54, 29, 87, 9, 34, 3, 88, 63, 30, 73, 84, 34, 84, 10, 26, 42, 77, 67
59, 80, 67, 46, 74, 42, 93, 22, 59, 70, 57, 43, 62, 81, 69, 9, 28, 13, 59, 7, 51, 43, 12, 44, 81, 92, 13, 47, 57, 70, 62, 87, 65, 95, 40, 61, 90, 9, 49, 96, 95, 93, 27, 68, 82, 44, 4, 74, 86, 63, 63, 78, 20, 39, 61, 15, 9, 4, 83, 72, 91, 68, 70, 35, 59, 35, 8, 12, 9, 94, 10, 55, 75, 96, 69, 62, 43, 4, 40, 32, 59, 11, 16, 60, 37, 32, 45, 31, 6, 8, 58, 81, 16, 38, 40, 77, 2, 80, 4, 17
69, 94, 41, 26, 69, 59, 87, 76, 22, 26, 79, 50, 52, 50, 18, 98, 89, 81, 62, 73, 59, 85, 5, 43, 39, 71, 68, 61, 15, 38, 59, 36, 24, 4, 87, 21, 15, 10, 53, 95, 91, 42, 94, 86, 42, 86, 43, 9, 67, 63, 76, 99, 49, 44, 25, 95, 95, 85, 65, 31, 67, 84, 14, 14, 79, 96, 62, 25, 85, 41, 36, 42, 67, 16, 40, 20, 94, 31, 80, 77, 23, 69, 12, 20, 98, 86, 88, 86, 19, 6, 71, 40, 88, 51, 95, 54, 52, 39, 57, 66
17, 24, 87, 5, 74, 8, 90, 49, 42, 68, 76, 44, 75, 27, 71, 6, 57, 4, 99, 13, 76, 24, 63, 73, 66, 54, 9, 65, 13, 88, 51, 80, 39, 20, 72, 7, 98, 93, 32, 34, 71, 16, 1, 53, 27, 87, 100, 47, 46, 5, 32, 10, 25, 9, 40, 7, 78, 86, 51, 82, 87, 31, 10, 74, 69, 5, 31, 17, 24, 33, 6, 25, 61, 90, 11, 49, 1, 42, 21, 90, 88, 40, 16, 43, 31, 9, 90, 89, 50, 38, 93, 66, 62, 44, 40, 98, 61, 76, 74, 96
58, 49, 84, 47, 4, 82, 30, 98, 86, 50, 61, 77, 50, 21, 52, 65, 96, 89, 22, 6, 27, 9, 21, 80, 93, 32, 81, 80, 77, 13, 57, 94, 56, 16, 87, 69, 87, 80, 87, 13, 25, 7, 45, 28, 38, 35, 64, 23, 33, 21, 19, 67, 46, 35, 20, 20, 81, 31, 19, 62, 92, 86, 89, 83, 84, 46, 43, 24, 98, 20, 19, 89, 67, 6, 94, 40, 52, 71, 68, 62, 20, 75, 23, 22, 58, 19, 47, 14, 82, 66, 84, 27, 100, 87, 2, 39, 88, 91, 66, 57
51, 46, 35, 24, 60, 62, 96, 23, 23, 92, 51, 75, 45, 60, 11, 18, 21, 7, 19, 37, 9, 64, 71, 72, 38, 7, 78, 73, 68, 95, 15, 69, 69, 5, 12, 74, 73, 48, 68, 61, 2, 89, 85, 33, 18, 31, 88, 77, 100, 27, 96, 96, 37, 60, 74, 24, 11, 76, 26, 55, 48, 69, 36, 15, 22, 50, 57, 4, 23, 1, 64, 62, 61, 39, 40, 10, 43, 58, 1, 50, 74, 56, 7, 79, 30, 27, 47, 9, 1, 5, 42, 85, 18, 35, 84, 50, 43, 96, 12, 33
37, 24, 54, 36, 26, 77, 8, 52, 65, 57, 37, 2, 63, 50, 73, 43, 87, 18, 65, 90, 79, 67, 15, 86, 52, 2, 36, 10, 77, 65, 12, 66, 60, 11, 55, 37, 40, 100, 29, 37, 61, 8, 94, 97, 64, 52, 78, 10, 10, 99, 45, 28, 16, 31, 23, 24, 69, 94, 44, 100, 2, 28, 57, 50, 92, 29, 12, 37, 21, 67, 83, 61, 65, 61, 23, 26, 47, 27, 73, 73, 51, 37, 48, 13, 52, 1, 53, 35, 6, 92, 14, 77, 92, 55, 94, 88, 16, 4, 89, 76
40, 57, 68, 68, 7, 100, 4, 58, 37, 76, 96, 33, 89, 97, 41, 2, 51, 88, 68, 87, 86, 36, 63, 44, 79, 15, 31, 16, 76, 17, 66, 99, 32, 40, 45, 53, 59, 57, 5, 77, 92, 22, 99, 97, 11, 42, 20, 52, 53, 48, 46, 10, 77, 49, 21, 7, 31, 10, 2, 21, 86, 71, 32, 97, 93, 100, 98, 44, 19, 47, 64, 31, 1, 3, 85, 4, 8, 88, 53, 100, 23, 69, 4, 19, 36, 62, 91, 41, 13, 23, 58, 44, 79, 72, 32, 8, 87, 12, 57, 94
80, 56, 36, 67, 34, 72, 93, 15, 77, 57, 73, 100, 61, 15, 40, 15, 72, 39, 97, 58, 48, 71, 2, 51, 1, 91, 60, 89, 79, 60, 100, 41, 88, 87, 90, 13, 22, 59, 94, 38, 47, 72, 35, 42, 99, 25, 67, 91, 99, 9, 66, 9, 99, 69, 34, 73, 67, 90, 11, 56, 53, 6, 82, 78, 90, 71, 26, 81, 51, 20, 34, 17, 41, 88, 53, 8, 23, 48, 94, 89, 75, 42, 12, 30, 11, 18, 91, 98, 99, 62, 40, 74, 95, 39, 99, 23, 22, 35, 1, 19
52, 54, 27, 9, 23, 99, 13, 62, 83, 82, 53, 29, 6, 45, 96, 62, 67, 16, 99, 20, 86, 81, 49, 93, 98, 71, 10, 7, 80, 60, 53, 69, 93, 18, 23, 41, 45, 100, 57, 80, 63, 62, 54, 64, 6, 60, 47, 59, 97, 10, 94, 57, 41, 96, 18, 59, 14, 45, 99, 95, 52, 73, 67, 86, 16, 99, 47, 59, 56, 61, 38, 18, 21, 2, 11, 43, 83, 51, 30, 20, 33, 84, 2, 57, 58, 10, 90, 69, 46, 90, 41, 27, 14, 99, 21, 95, 70, 34, 42, 95
87, 50, 85, 55, 35, 52, 64, 49, 17, 31, 97, 30, 57, 87, 41, 33, 69, 79, 8, 70, 6, 20, 77, 19, 86, 2, 93, 4, 87, 26, 82, 89, 64, 63, 46, 30, 46, 38, 60, 26, 7, 46, 32, 46, 95, 75, 53, 25, 41, 7, 99, 65, 38, 46, 54, 8, 98, 64, 13, 20, 73, 17, 42, 41, 48, 83, 58, 26, 71, 76, 13, 57, 1, 3, 19, 30, 78, 51, 62, 74, 11, 70, 75, 26, 49, 21, 10, 100, 81, 3, 57, 70, 58, 79, 36, 52, 37, 1, 49, 23
14, 72, 36, 74, 51, 89, 92, 16, 35, 47, 79, 58, 14, 69, 60, 14, 68, 10, 13, 1, 81, 92, 50, 92, 80, 93, 73, 35, 52, 27, 94, 72, 7, 13, 76, 51, 48, 20, 48, 15, 59, 59, 15, 6, 90, 72, 27, 82, 39, 45, 64, 2, 63, 90, 55, 84, 62, 79, 12, 19, 97, 82, 14, 52, 99, 86, 75, 22, 34, 97, 35, 12, 42, 18, 35, 2, 78, 67, 79, 52, 59, 37, 43, 31, 36, 56, 24, 35, 61, 31, 53, 57, 78, 54, 100, 68, 22, 89, 27, 39
60, 68, 85, 94, 96, 44, 3, 89, 82, 63, 74, 17, 89, 77, 85, 26, 16, 39, 69, 56, 74, 83, 23, 97, 93, 99, 48, 19, 54, 52, 10, 74, 18, 100, 42, 79, 11, 16, 3, 67, 83, 86, 95, 71, 91, 99, 9, 54, 3, 58, 9, 36, 88, 54, 35, 60, 63, 83, 72, 23, 89, 6, 37, 30, 32, 71, 43, 100, 75, 13, 42, 83, 26, 19, 53, 96, 85, 71, 82, 91, 86, 69, 93, 15, 42, 17, 41, 3, 22, 54, 54, 70, 31, 81, 40, 1, 100, 57, 76, 12
86, 52, 33, 37, 18, 82, 17, 95, 47, 14, 27, 16, 97, 14, 30, 96, 68, 21, 87, 69, 6, 42, 2, 93, 14, 36, 42, 16, 38, 86, 91, 56, 53, 72, 67, 13, 48, 45, 60, 20, 87, 27, 32, 38, 70, 80, 66, 23, 77, 87, 71, 97, 11, 55, 23, 28, 14, 40, 98, 75, 23, 7, 90, 13, 95, 40, 86, 24, 37, 79, 2, 60, 8, 21, 12, 89, 32, 75, 17, 4, 27, 30, 46, 82, 42, 37, 99, 5, 88, 38, 73, 78, 10, 77, 1, 72, 59, 77, 53, 59
42, 24, 48, 71, 72, 2, 58, 29, 79, 26, 87, 35, 17, 68, 11, 32, 53, 29, 79, 7, 80, 92, 42, 14, 1, 53, 27, 44, 89, 88, 13, 94, 60, 99, 70, 79, 96, 6, 53, 88, 80, 57, 60, 51, 64, 10, 39, 66, 24, 81, 44, 4, 8, 73, 85, 38, 17, 89, 88, 10, 2, 12, 11, 50, 15, 36, 74, 23, 51, 91, 52, 78, 49, 22, 28, 96, 65, 45, 99, 89, 19, 88, 32, 81, 76, 58, 7, 98, 47, 59, 1, 38, 62, 62, 24, 31, 35, 3, 32, 56
5, 10, 18, 39, 61, 7, 58, 54, 21, 93, 13, 58, 30, 99, 1, 41, 93, 58, 67, 27, 93, 84, 74, 92, 90, 68, 20, 55, 52, 97, 32, 98, 69, 82, 12, 73, 97, 55, 25, 46, 57, 60, 55, 82, 38, 49, 60, 27, 69, 59, 41, 76, 19, 96, 96, 2, 36, 16, 9, 38, 22, 37, 62, 88, 66, 5, 26, 9, 79, 67, 80, 97, 78, 35, 79, 94, 12, 71, 6, 65, 5, 81, 39, 63, 97, 67, 65, 79, 98, 61, 62, 86, 46, 63, 76, 37, 30, 19, 31, 73
95, 71, 96, 15, 37, 61, 19, 19, 33, 97, 55, 62, 82, 43, 86, 12, 37, 69, 99, 52, 33, 11, 74, 18, 73, 79, 44, 16, 85, 26, 56, 92, 56, 84, 57, 70, 41, 61, 72, 47, 88, 94, 1, 73, 15, 15, 90, 22, 91, 47, 69, 97, 21, 67, 46, 81, 45, 4, 82, 8, 22, 85, 82, 47, 3, 42, 59, 58, 37, 67, 27, 3, 93, 11, 71, 49, 59, 44, 92, 7, 48, 4, 15, 94, 50, 33, 60, 77, 5, 3, 37, 37, 23, 66, 13, 63, 50, 51, 3, 9
28, 61, 58, 24, 10, 15, 75, 98, 29, 4, 65, 3, 94, 99, 40, 50, 4, 90, 23, 75, 39, 30, 31, 91, 65, 17, 86, 98, 53, 13, 92, 69, 24, 64, 45, 74, 3, 13, 9, 97, 69, 5, 88, 31, 71, 95, 48, 28, 6, 37, 93, 51, 41, 100, 84, 26, 57, 10, 56, 65, 27, 89, 19, 8, 20, 16, 33, 66, 38, 5, 64, 66, 85, 41, 89, 37, 61, 21, 92, 51, 19, 46, 96, 76, 8, 75, 99, 44, 96, 66, 39, 21, 46, 48, 72, 82, 78, 41, 9, 85
5, 1, 63, 61, 17, 93, 78, 42, 19, 9, 2, 34, 95, 14, 15, 47, 7, 69, 100, 20, 80, 6, 61, 74, 77, 77, 40, 20, 38, 49, 65, 7, 89, 19, 18, 80, 54, 75, 51, 73, 20, 21, 34, 53, 1, 14, 42, 30, 9, 25, 95, 48, 18, 53, 75, 59, 65, 7, 1, 72, 24, 70, 25, 79, 47, 98, 31, 91, 13, 58, 15, 79, 41, 12, 80, 60, 92, 98, 97, 60, 97, 96, 68, 25, 20, 24, 26, 19, 28, 88, 92, 65, 99, 57, 87, 13, 15, 73, 74, 37
41, 97, 13, 54, 48, 42, 94, 81, 11, 6, 77, 26, 96, 73, 14, 68, 22, 84, 95, 35, 65, 1, 95, 25, 48, 8, 59, 13, 67, 61, 4, 90, 24, 95, 38, 24, 99, 30, 24, 4, 65, 25, 45, 96, 75, 75, 36, 63, 68, 11, 53, 53, 56, 27, 46, 33, 38, 58, 99, 85, 3, 6, 1, 15, 75, 65, 36, 27, 9, 64, 44, 7, 50, 35, 57, 43, 45, 80, 28, 18, 8, 86, 80, 17, 48, 16, 30, 84, 91, 14, 1, 42, 41, 43, 70, 59, 77, 47, 24, 89
41, 74, 27, 10, 13, 29, 55, 11, 79, 10, 59, 21, 42, 55, 36, 2, 87, 32, 33, 29, 20, 3, 72, 37, 93, 92, 7, 49, 5, 4, 37, 81, 22, 72, 24, 42, 25, 38, 20, 19, 9, 97, 23, 29, 48, 81, 57, 58, 5, 7, 45, 51, 28, 85, 40, 42, 32, 92, 49, 32, 87, 5, 26, 89, 14, 98, 45, 28, 33, 78, 58, 25, 79, 28, 71, 94, 59, 46, 33, 38, 20, 82, 60, 31, 19, 22, 10, 87, 80, 7, 29, 15, 23, 90, 16, 68, 14, 7, 89, 77
90, 44, 89, 39, 2, 54, 66, 34, 13, 12, 95, 7, 61, 43, 24, 48, 63, 96, 11, 25, 87, 49, 22, 34, 46, 91, 5, 88, 28, 20, 1, 39, 34, 6, 24, 83, 80, 14, 65, 39, 92, 95, 34, 12, 20, 29, 11, 94, 75, 92, 21, 49, 25, 84, 55, 49, 16, 87, 68, 43, 31, 65, 13, 23, 80, 94, 12, 49, 40, 46, 45, 8, 94, 42, 54, 55, 91, 27, 75, 13, 26, 37, 72, 41, 16, 64, 94, 32, 32, 14, 1, 75, 85, 11, 7, 24, 81, 59, 22, 79
16, 87, 54, 64, 3, 23, 86, 1, 88, 67, 38, 95, 15, 30, 59, 12, 43, 70, 55, 62, 13, 100, 37, 68, 15, 48, 44, 34, 99, 4, 98, 12, 92, 87, 11, 34, 54, 95, 26, 5, 22, 84, 16, 100, 84, 80, 14, 93, 52, 24, 93, 68, 35, 90, 2, 42, 88, 38, 65, 6, 8, 65, 16, 66, 2, 18, 31, 3, 98, 3, 60, 23, 8, 12, 18, 84, 95, 47, 43, 19, 70, 84, 49, 4, 21, 22, 61, 25, 18, 37, 74, 61, 67, 1, 5, 19, 98, 7, 36, 39
65, 49, 6, 74, 2, 48, 44, 34, 50, 77, 16, 67, 69, 13, 5, 61, 66, 81, 72, 74, 11, 95, 52, 60, 90, 87, 34, 74, 78, 56, 92, 68, 88, 96, 70, 21, 69, 43, 85, 10, 75, 55, 19, 57, 69, 69, 93, 8, 42, 42, 19, 62, 51, 75, 55, 22, 45, 19, 63, 76, 50, 33, 2, 77, 73, 2, 68, 55, 28, 94, 14, 78, 1, 3, 71, 51, 52, 13, 37, 91, 8, 9, 75, 78, 74, 19, 43, 92, 13, 86, 3, 99, 59, 93, 4, 23, 79, 44, 3, 10
74, 86, 80, 76, 97, 97, 26, 11, 46, 84, 36, 4, 76, 45, 24, 95, 94, 77, 97, 88, 83, 78, 7, 66, 97, 42, 47, 33, 48, 89, 42, 44, 73, 40, 69, 3, 43, 68, 14, 17, 99, 3, 62, 68, 66, 27, 100, 70, 86, 77, 75, 85, 25, 30, 30, 13, 52, 20, 44, 16, 62, 62, 11, 73, 91, 47, 20, 75, 93, 37, 81, 84, 43, 29, 8, 78, 79, 34, 23, 54, 40, 9, 57, 22, 1, 86, 19, 14, 93, 16, 49, 69, 68, 49, 64, 54, 29, 31, 6, 2
19, 19, 31, 96, 65, 100, 45, 67, 7, 97, 12, 19, 56, 31, 21, 15, 100, 10, 100, 24, 91, 95, 43, 8, 64, 86, 11, 32, 100, 6, 94, 29, 67, 51, 16, 12, 11, 64, 32, 20, 62, 64, 54, 14, 87, 82, 36, 46, 13, 71, 5, 22, 22, 82, 56, 60, 57, 44, 5, 75, 71, 53, 92, 3, 54, 92, 52, 73, 6, 74, 50, 73, 94, 3, 81, 62, 50, 84, 26, 94, 14, 30, 19, 42, 60, 8, 82, 34, 18, 95, 17, 36, 10, 94, 24, 15, 80, 31, 60, 69
2, 18, 47, 31, 57, 2, 59, 11, 26, 18, 58, 28, 55, 19, 82, 55, 95, 16, 43, 54, 36, 63, 10, 57, 93, 99, 6, 42, 64, 65, 55, 85, 79, 57, 73, 69, 63, 71, 34, 100, 16, 70, 23, 40, 43, 30, 42, 39, 86, 61, 45, 84, 46, 6, 12, 12, 11, 67, 19, 11, 12, 14, 22, 42, 55, 94, 28, 54, 1, 21, 68, 63, 41, 69, 66, 88, 93, 52, 49, 1, 70, 8, 69, 64, 10, 21, 88, 7, 76, 7, 61, 4, 13, 7, 87, 39, 55, 81, 26, 40
37, 93, 15, 100, 67, 47, 89, 24, 17, 73, 37, 9, 14, 71, 89, 74, 58, 29, 16, 81, 67, 22, 94, 72, 91, 71, 94, 78, 42, 52, 30, 23, 10, 44, 72, 10, 22, 2, 90, 15, 91, 24, 83, 24, 67, 55, 100, 24, 34, 39, 74, 89, 1, 11, 71, 9, 6, 16, 15, 42, 99, 68, 89, 75, 70, 96, 18, 66, 24, 73, 83, 1, 47, 21, 37, 76, 54, 44, 38, 63, 49, 85, 44, 98, 17, 55, 89, 58, 43, 45, 45, 40, 52, 46, 91, 6, 44, 13, 27, 58
40, 17, 97, 50, 41, 56, 92, 87, 8, 96, 35, 23, 16, 83, 27, 76, 42, 18, 70, 72, 72, 31, 94, 81, 2, 40, 94, 79, 53, 21, 79, 91, 98, 12, 56, 27, 2, 22, 33, 57, 70, 26, 89, 15, 34, 85, 63, 27, 15, 6, 42, 2, 28, 94, 100, 72, 62, 1, 6, 37, 86, 71, 58, 87, 27, 74, 83, 50, 85, 70, 80, 39, 25, 56, 70, 94, 73, 88, 87, 57, 4, 57, 77, 9, 37, 98, 95, 92, 19, 27, 33, 43, 67, 29, 19, 3, 74, 2, 64, 9
27, 95, 47, 2, 60, 71, 82, 33, 56, 98, 94, 78, 86, 97, 30, 80, 18, 13, 34, 11, 7, 36, 54, 23, 32, 11, 1, 43, 15, 23, 55, 66, 100, 58, 7, 43, 33, 3, 100, 31, 12, 54, 94, 68, 31, 42, 21, 46, 11, 44, 76, 52, 79, 99, 40, 6, 29, 83, 28, 100, 70, 76, 73, 2, 20, 76, 45, 5, 10, 92, 32, 85, 59, 88, 23, 54, 55, 31, 38, 61, 95, 4, 63, 33, 11, 23, 72, 83, 88, 32, 74, 35, 75, 98, 84, 65, 86, 9, 45, 36
35, 91, 8, 59, 4, 68, 5, 48, 55, 24, 50, 17, 46, 19, 11, 71, 92, 100, 63, 36, 59, 35, 15, 77, 97, 1, 95, 95, 49, 73, 91, 72, 79, 67, 38, 74, 53, 12, 55, 98, 16, 54, 7, 29, 10, 100, 61, 14, 15, 52, 40, 55, 85, 15, 42, 38, 92, 16, 28, 54, 38, 63, 74, 18, 34, 93, 73, 91, 25, 93, 62, 88, 13, 88, 81, 13, 98, 20, 9, 46, 9, 53, 20, 14, 98, 46, 43, 75, 6, 81, 7, 75, 37, 31, 27, 79, 89, 94, 68, 38
26, 30, 99, 47, 64, 57, 89, 16, 92, 92, 92, 97, 3, 67, 58, 85, 83, 11, 78, 43, 4, 98, 79, 7, 47, 21, 16, 71, 76, 84, 100, 28, 52, 60, 31, 14, 8, 3, 69, 67, 26, 82, 47, 87, 24, 47, 9, 76, 87, 36, 33, 47, 36, 75, 96, 78, 25, 89, 49, 72, 70, 77, 75, 32, 34, 63, 57, 60, 43, 100, 97, 51, 66, 52, 79, 94, 39, 33, 88, 11, 54, 54, 100, 16, 94, 47, 82, 92, 54, 61, 23, 29, 23, 83, 93, 95, 79, 15, 51, 10
81, 66, 35, 13, 80, 87, 26, 30, 23, 77, 12, 38, 44, 98, 45, 81, 81, 55, 58, 16, 16, 48, 33, 28, 87, 65, 36, 49, 85, 36, 85, 92, 72, 25, 92, 56, 97, 64, 1, 37, 94, 24, 21, 33, 18, 80, 66, 44, 46, 30, 99, 78, 34, 21, 94, 44, 72, 74, 31, 95, 19, 91, 76, 62, 19, 34, 46, 78, 51, 44, 74, 87, 31, 69, 14, 39, 30, 73, 85, 37, 18, 53, 98, 66, 76, 16, 38, 12, 41, 63, 90, 16, 70, 55, 97, 85, 12, 43, 79, 70
83, 64, 76, 42, 89, 18, 37, 14, 82, 4, 7, 98, 53, 51, 63, 56, 69, 62, 2, 31, 76, 94, 7, 40, 14, 11, 28, 50, 59, 77, 84, 66, 42, 98, 78, 40, 40, 65, 44, 47, 3, 67, 90, 64, 17, 93, 87, 66, 46, 68, 2, 88, 76, 2, 33, 37, 46, 57, 41, 54, 72, 94, 23, 69, 95, 68, 40, 1, 88, 49, 86, 86, 73, 17, 12, 43, 92, 16, 80, 80, 86, 37, 55, 37, 29, 55, 84, 96, 57, 69, 89, 52, 50, 85, 89, 84, 38, 82, 42, 70
74, 8, 53, 10, 61, 89, 55, 81, 3, 97, 22, 78, 36, 29, 51, 63, 27, 8, 20, 33, 43, 32, 24, 47, 69, 6, 41, 28, 28, 46, 62, 1, 45, 22, 9, 15, 46, 62, 2, 33, 14, 73, 7, 46, 59, 72, 59, 57, 52, 60, 31, 79, 47, 8, 41, 91, 76, 83, 70, 76, 93, 76, 97, 8, 55, 22, 81, 71, 91, 6, 96, 39, 14, 26, 79, 68, 48, 65, 99, 56, 85, 41, 28, 34, 88, 56, 78, 54, 99, 29, 100, 49, 4, 88, 91, 85, 32, 75, 68, 46
52, 17, 66, 17, 50, 23, 30, 1, 24, 78, 69, 75, 72, 92, 61, 89, 96, 5, 82, 71, 39, 19, 96, 6, 93, 19, 74, 55, 25, 99, 37, 35, 39, 80, 54, 100, 93, 88, 14, 23, 17, 76, 12, 79, 71, 20, 23, 19, 93, 72, 16, 71, 23, 97, 93, 89, 93, 33, 44, 35, 97, 90, 36, 70, 89, 37, 74, 1, 88, 38, 4, 20, 96, 1, 14, 69, 10, 35, 28, 45, 57, 19, 57, 10, 60, 12, 59, 73, 24, 68, 24, 4, 86, 76, 8, 87, 21, 72, 45, 20
31, 75, 76, 23, 65, 92, 47, 18, 9, 100, 2, 51, 88, 19, 17, 87, 6, 36, 99, 92, 90, 9, 5, 34, 67, 15, 31, 89, 66, 66, 73, 40, 33, 1, 85, 5, 43, 28, 68, 54, 10, 11, 65, 71, 54, 59, 59, 82, 74, 76, 79, 32, 48, 21, 43, 94, 52, 31, 22, 21, 31, 85, 19, 79, 38, 58, 23, 49, 17, 19, 11, 88, 62, 94, 94, 28, 90, 76, 35, 49, 63, 23, 70, 81, 29, 79, 32, 20, 27, 43, 10, 23, 20, 17, 53, 69, 86, 89, 11, 66
72, 80, 86, 47, 77, 23, 43, 19, 29, 34, 26, 35, 52, 15, 40, 33, 23, 71, 26, 41, 22, 54, 1, 46, 13, 16, 25, 46, 56, 5, 23, 13, 57, 83, 33, 16, 32, 14, 25, 44, 25, 56, 81, 28, 71, 23, 41, 89, 57, 27, 5, 62, 36, 16, 85, 96, 37, 63, 36, 31, 31, 91, 78, 40, 29, 70, 16, 37, 63, 91, 98, 45, 9, 18, 97, 84, 60, 94, 27, 96, 8, 74, 97, 16, 83, 20, 67, 2, 13, 30, 15, 30, 73, 28, 12, 9, 23, 88, 78, 17
44, 8, 27, 19, 32, 83, 33, 32, 9, 77, 76, 96, 96, 79, 25, 9, 16, 48, 43, 76, 31, 2, 45, 90, 59, 81, 57, 92, 5, 65, 20, 58, 59, 74, 96, 60, 99, 23, 35, 32, 6, 5, 65, 2, 8, 28, 11, 4, 71, 60, 35, 74, 91, 87, 12, 72, 10, 5, 63, 45, 32, 76, 72, 80, 96, 47, 85, 60, 17, 60, 72, 80, 41, 4, 29, 24, 18, 34, 23, 24, 33, 59, 41, 91, 90, 7, 13, 49, 35, 95, 83, 38, 75, 67, 53, 12, 95, 97, 23, 5
66, 25, 71, 76, 46, 27, 68, 77, 38, 69, 46, 94, 30, 75, 21, 63, 36, 80, 50, 40, 77, 33, 20, 45, 22, 87, 61, 85, 43, 58, 46, 96, 100, 28, 42, 81, 26, 22, 96, 72, 11, 60, 42, 89, 82, 4, 98, 54, 4, 40, 69, 20, 44, 71, 57, 40, 13, 37, 46, 21, 59, 10, 82, 58, 81, 100, 63, 58, 10, 29, 91, 62, 68, 95, 15, 66, 98, 15, 67, 94, 89, 42, 24, 79, 65, 24, 62, 75, 83, 30, 91, 39, 84, 30, 35, 70, 38, 58, 94, 68
3, 84, 2, 92, 88, 66, 74, 33, 77, 1, 53, 50, 56, 48, 29, 81, 72, 86, 31, 34, 25, 15, 92, 6, 82, 18, 18, 87, 43, 89, 48, 73, 45, 76, 94, 2, 38, 45, 27, 66, 71, 93, 25, 4, 97, 83, 79, 68, 52, 18, 58, 38, 32, 26, 73, 49, 17, 12, 31, 48, 57, 39, 44, 95, 58, 31, 94, 40, 27, 37, 59, 62, 73, 74, 93, 33, 56, 57, 24, 98, 95, 5, 24, 25, 57, 72, 7, 27, 25, 25, 99, 26, 36, 71, 73, 12, 9, 20, 28, 76
14, 8, 89, 14, 15, 56, 53, 15, 23, 76, 18, 29, 37, 23, 59, 88, 90, 85, 60, 96, 67, 98, 8, 61, 38, 84, 74, 77, 23, 14, 98, 71, 95, 4, 35, 6, 7, 22, 12, 76, 3, 68, 59, 36, 51, 65, 4, 55, 18, 25, 71, 47, 33, 87, 35, 78, 23, 16, 43, 70, 52, 16, 83, 90, 53, 63, 39, 97, 66, 60, 35, 10, 69, 5, 93, 14, 88, 92, 72, 43, 94, 17, 33, 58, 31, 88, 51, 61, 5, 62, 25, 23, 51, 4, 19, 19, 33, 8, 18, 42
35, 33, 67, 24, 44, 21, 18, 8, 44, 24, 63, 93, 3, 41, 17, 37, 23, 79, 78, 23, 64, 19, 59, 18, 55, 85, 38, 96, 3, 61, 22, 13, 11, 93, 47, 48, 18, 14, 45, 64, 73, 38, 58, 56, 75, 95, 54, 48, 9, 94, 2, 73, 8, 63, 80, 64, 40, 85, 72, 73, 45, 64, 9, 47, 26, 70, 31, 22, 38, 19, 49, 97, 30, 15, 72, 66, 28, 2, 83, 19, 90, 1, 46, 29, 14, 6, 58, 30, 20, 68, 58, 58, 25, 78, 39, 86, 54, 40, 98, 35
81, 41, 74, 23, 83, 9, 31, 22, 22, 98, 30, 95, 49, 77, 40, 74, 72, 98, 37, 10, 20, 87, 100, 91, 26, 95, 77, 86, 33, 13, 8, 85, 37, 97, 17, 49, 14, 88, 85, 3, 94, 7, 2, 4, 31, 85, 83, 45, 6, 29, 87, 18, 41, 58, 11, 8, 99, 9, 93, 37, 68, 85, 25, 94, 68, 33, 84, 3, 24, 26, 90, 48, 56, 10, 2, 41, 25, 19, 12, 66, 63, 89, 70, 13, 52, 2, 86, 91, 83, 38, 22, 56, 76, 67, 90, 64, 14, 44, 22, 16
73, 35, 86, 16, 93, 69, 82, 57, 49, 34, 78, 97, 48, 91, 3, 70, 21, 30, 42, 63, 92, 23, 38, 44, 71, 32, 40, 80, 5, 2, 74, 91, 4, 1, 70, 45, 52, 46, 54, 74, 40, 73, 64, 84, 56, 53, 35, 51, 2, 26, 16, 23, 71, 30, 68, 67, 32, 66, 41, 71, 48, 88, 50, 77, 18, 99, 75, 60, 1, 72, 16, 35, 98, 31, 73, 97, 83, 33, 99, 10, 48, 3, 35, 50, 98, 51, 35, 17, 28, 5, 62, 83, 50, 77, 39, 40, 79, 35, 27, 28
86, 66, 7, 84, 57, 44, 10, 19, 62, 5, 49, 77, 38, 87, 92, 93, 5, 12, 41, 51, 42, 34, 65, 83, 93, 42, 28, 10, 91, 63, 84, 11, 42, 96, 61, 87, 40, 11, 8, 80, 61, 88, 55, 39, 64, 19, 7, 4, 99, 81, 90, 73, 77, 37, 16, 92, 86, 79, 91, 76, 71, 20, 27, 36, 65, 61, 74, 68, 25, 66, 34, 12, 54, 49, 38, 61, 82, 3, 87, 16, 37, 30, 86, 92, 14, 16, 93, 6, 60, 60, 80, 36, 31, 21, 86, 14, 37, 54, 25, 75
19, 58, 98, 5, 12, 88, 53, 65, 70, 100, 54, 13, 94, 94, 34, 42, 56, 25, 65, 77, 70, 49, 37, 30, 13, 55, 15, 85, 16, 55, 94, 81, 19, 55, 37, 54, 82, 64, 70, 25, 86, 28, 32, 88, 76, 23, 8, 100, 46, 21, 23, 65, 87, 27, 53, 17, 75, 33, 35, 50, 15, 47, 34, 81, 55, 63, 41, 30, 29, 68, 39, 10, 31, 49, 57, 78, 73, 16, 44, 32, 62, 3, 66, 54, 6, 22, 35, 81, 47, 22, 52, 27, 46, 34, 8, 71, 48, 99, 18, 49
8, 86, 64, 95, 22, 17, 23, 31, 63, 61, 56, 11, 82, 28, 40, 48, 60, 85, 98, 58, 90, 21, 28, 17, 7, 66, 50, 6, 42, 58, 28, 55, 40, 79, 34, 25, 84, 84, 96, 47, 15, 28, 75, 94, 68, 32, 6, 68, 90, 74, 41, 57, 64, 71, 73, 2, 21, 39, 66, 7, 7, 16, 60, 92, 27, 72, 63, 38, 93, 14, 31, 25, 41, 30, 53, 42, 24, 61, 45, 54, 92, 8, 80, 39, 8, 99, 16, 40, 7, 79, 85, 38, 28, 63, 35, 60, 43, 13, 19, 84
32, 35, 10, 61, 16, 94, 65, 66, 23, 73, 56, 40, 66, 59, 62, 45, 92, 51, 19, 4, 3, 77, 35, 85, 14, 20, 30, 68, 34, 64, 54, 62, 54, 53, 43, 90, 8, 1, 20, 97, 2, 70, 82, 53, 22, 51, 14, 97, 98, 7, 55, 34, 84, 59, 2, 46, 74, 64, 30, 88, 100, 87, 40, 1, 79, 63, 27, 11, 66, 67, 48, 39, 47, 13, 94, 14, 59, 30, 63, 38, 35, 39, 8, 73, 9, 22, 96, 78, 16, 75, 88, 54, 96, 90, 57, 10, 63, 10, 87, 67
72, 90, 9, 55, 79, 37, 79, 5, 18, 9, 94, 97, 57, 46, 52, 76, 31, 14, 6, 53, 66, 67, 22, 67, 10, 23, 30, 84, 33, 32, 25, 42, 11, 77, 18, 9, 3, 77, 26, 14, 23, 17, 32, 64, 27, 76, 78, 96, 76, 44, 41, 3, 59, 78, 73, 23, 13, 48, 83, 47, 1, 52, 54, 36, 99, 97, 94, 26, 56, 49, 46, 21, 79, 70, 87, 55, 61, 92, 92, 51, 89, 44, 94, 53, 48, 91, 78, 45, 97, 85, 16, 42, 22, 33, 15, 56, 79, 83, 95, 36
14, 23, 75, 99, 98, 2, 79, 88, 37, 45, 85, 100, 63, 4, 13, 32, 65, 83, 35, 33, 100, 45, 23, 18, 91, 78, 76, 62, 47, 77, 14, 19, 14, 11, 55, 42, 15, 34, 34, 28, 89, 41, 83, 87, 25, 96, 36, 34, 12, 63, 69, 38, 58, 9, 64, 92, 77, 64, 20, 13, 13, 22, 38, 41, 77, 56, 100, 33, 80, 12, 9, 42, 5, 55, 94, 14, 39, 42, 77, 60, 1, 92, 45, 22, 72, 22, 71, 100, 46, 7, 91, 96, 26, 65, 60, 67, 23, 92, 46, 92
38, 70, 65, 3, 2, 18, 38, 77, 73, 22, 88, 52, 48, 49, 88, 31, 6, 6, 65, 39, 84, 91, 29, 32, 72, 31, 69, 60, 3, 78, 2, 43, 91, 42, 31, 51, 38, 38, 41, 52, 96, 48, 66, 39, 53, 45, 11, 75, 45, 53, 44, 70, 30, 48, 78, 8, 51, 40, 3, 84, 58, 71, 32, 93, 21, 50, 56, 46, 68, 12, 19, 85, 90, 77, 15, 74, 82, 84, 91, 93, 71, 69, 33, 38, 72, 85, 13, 75, 89, 10, 96, 62, 62, 78, 29, 76, 8, 14, 5, 68
55, 42, 38, 78, 16, 93, 46, 39, 26, 22, 22, 80, 79, 28, 51, 62, 9, 20, 54, 37, 6, 57, 44, 49, 32, 25, 2, 58, 66, 28, 79, 16, 24, 42, 1, 61, 62, 32, 83, 100, 88, 31, 58, 4, 91, 59, 49, 27, 44, 41, 63, 37, 11, 27, 93, 17, 48, 55, 43, 17, 23, 99, 28, 78, 54, 47, 46, 51, 55, 49, 34, 13, 81, 70, 21, 46, 8, 13, 16, 80, 24, 8, 32, 79, 65, 84, 43, 46, 25, 70, 88, 20, 94, 70, 27, 46, 29, 25, 97, 15
27, 29, 47, 9, 99, 68, 17, 17, 97, 82, 56, 83, 64, 55, 7, 3, 32, 3, 71, 96, 94, 73, 40, 42, 9, 68, 56, 49, 57, 17, 21, 48, 51, 99, 33, 25, 9, 22, 38, 34, 50, 67, 48, 50, 25, 71, 80, 32, 89, 22, 48, 98, 51, 14, 93, 92, 84, 47, 3, 82, 63, 44, 37, 41, 91, 99, 42, 88, 44, 28, 83, 71, 71, 5, 91, 90, 4, 73, 37, 46, 77, 26, 31, 49, 21, 4, 81, 77, 97, 43, 5, 61, 38, 14, 92, 74, 34, 87, 25, 41
1, 43, 41, 22, 45, 21, 64, 92, 90, 93, 31, 45, 9, 1, 7, 7, 85, 59, 52, 89, 80, 23, 27, 41, 85, 23, 33, 92, 60, 3, 46, 6, 92, 97, 7, 55, 58, 44, 69, 62, 11, 83, 42, 55, 20, 87, 15, 47, 22, 96, 13, 48, 74, 17, 22, 16, 74, 65, 39, 97, 64, 12, 83, 27, 54, 37, 13, 13, 34, 58, 66, 39, 81, 62, 6, 86, 38, 56, 52, 23, 68, 54, 86, 96, 56, 72, 5, 59, 93, 17, 40, 92, 66, 77, 13, 25, 10, 77, 91, 60
87, 12, 3, 41, 78, 25, 96, 61, 40, 26, 31, 94, 85, 98, 97, 79, 86, 25, 45, 53, 86, 62, 35, 41, 25, 85, 65, 2, 9, 76, 77, 100, 43, 82, 40, 93, 11, 78, 65, 29, 61, 46, 26, 1, 2, 66, 57, 73, 33, 46, 19, 25, 70, 90, 67, 76, 1, 71, 74, 88, 63, 3, 7, 45, 15, 50, 64, 42, 14, 39, 90, 86, 69, 44, 18, 38, 93, 71, 68, 96, 25, 90, 72, 98, 85, 37, 51, 53, 3, 33, 14, 64, 15, 55, 85, 51, 4, 71, 6, 67
95, 47, 43, 45, 73, 4, 88, 59, 97, 41, 75, 94, 15, 37, 34, 52, 42, 69, 71, 72, 20, 99, 24, 5, 83, 63, 10, 11, 86, 66, 68, 23, 53, 22, 74, 84, 94, 19, 12, 52, 20, 94, 75, 78, 80, 59, 55, 23, 45, 77, 7, 33, 83, 72, 69, 8, 48, 98, 86, 80, 81, 6, 64, 40, 61, 14, 86, 74, 85, 98, 41, 80, 83, 74, 45, 60, 83, 87, 97, 25, 57, 81, 62, 67, 28, 3, 53, 20, 99, 20, 37, 33, 24, 79, 94, 14, 93, 80, 39, 19