496.07	7.2	0.4
497.06	7.1	0.5
496.67	7.1	0.5
494.54	7.1	0.6
498.09	7	0.6
516.96	7	0.6
589.44	7	0.6
754.65	7.4	0.6
831.1	7.9	0.6
853.42	7.9	0.5
850.58	8	0.5
834.82	8	0.6
851.32	8	0.5
860.25	7.9	0.4
847.71	7.8	0.4
800.6	7.6	0.5
656.4	7.4	0.4
587.7	7.1	0.5
561.9	7.2	0.4
562.95	7.1	0.5
536.77	7.2	0.4
503.08	7.3	0.5
493.39	7.4	0.5
487.77	7.3	0.5
482.59	7.3	0.6
478.97	7.3	0.5
474.69	7.3	0.6
471.53	7.2	0.6
470.95	7.1	0.7
471.51	7.1	0.7
461.04	7.1	0.8
469.94	7.2	0.8
491.39	7.3	0.8
511.88	7.4	0.8
519.31	7.4	0.8
515.46	7.3	0.8
526.49	7.2	0.7
540.53	7.2	0.8
547.41	7.1	0.7
538.3	7.3	0.8
513.8	7.3	0.7
502	7.1	0.7
492.44	6.9	0.7
496.4	6.9	0.8
501.71	7	0.7
466.84	7.1	0.8
455.44	7.2	0.7
444.61	7.2	0.7
440.02	7.1	0.7
434.33	7.1	0.8
433.01	7	0.7
434.19	7.1	0.8
431.85	7	0.7
429.59	7	0.8
415.84	7	0.8
421.17	7	0.9
436.34	7.2	0.9
467.12	7	0.9
482.52	7	0.9
491.05	6.9	0.8
491.62	6.9	0.8
500.11	7	0.8
507.97	6.9	0.8
514.59	6.8	0.8
507.77	6.8	0.8
494.57	6.9	0.7
498.35	6.9	0.8
524.62	6.8	0.8
525.51	6.9	0.9
519.1	6.9	0.7
501.09	6.8	0.9
493.37	6.9	0.8
501.47	6.9	0.7
500.06	6.9	0.8
494.96	6.8	0.9
490.12	6.8	0.8
490.77	6.7	0.9
520.75	6.8	0.9
612.49	6.7	0.9
776.97	7.2	0.8
843.9	7.6	0.8
841.37	7	0.4
829.03	5.7	0.4
849.54	4.8	0.4
861.11	5.1	0.4
890.56	6.5	0.3
883.4	6.4	0.3
857.26	6.8	0.3
726.82	7.7	0.3
653.52	8	0.3
631.13	7.3	0.3
642.65	7.5	0.4
633.52	7.6	0.3
597	7.4	0.3
552.1	7.1	0.4
525.61	6.9	0.4
510.5	7	0.4
504.13	6.9	0.5
500.03	6.8	0.4
493.68	6.7	0.5
494.62	6.8	0.5
521.69	6.6	0.6
604.53	6.5	0.7
783.08	6.7	0.8
838.01	7	0.7
879.42	7.8	0.7
883.26	7.9	0.4
866.46	7.6	0.5
873.31	7.5	0.5
884.11	7.5	0.4
876.49	7.3	0.4
853.54	7.2	0.4
730.03	7.3	0.4
649.54	7.2	0.5
635.2	7.2	0.3
655.81	7	0.4
630.56	7	0.4
572.27	6.9	0.5
547.22	7	0.4
530.43	7.2	0.5
516.87	7.3	0.4
505.67	7.2	0.5
498.34	7.2	0.6
498.21	6.9	0.6
496.56	6.8	0.6
531.03	6.8	0.7
624.86	6.8	0.6
782.11	7.3	0.6
840.21	7.2	0.6
877.04	7.4	0.6
887.56	7.4	0.6
876.5	7.4	0.5
878.42	7.4	0.5
899.37	7.5	0.4
886.01	7.5	0.5
853.16	7.4	0.4
737.62	7.2	0.4
681.7	7.2	0.5
665.45	7.3	0.4
670.31	7.2	0.5
647.9	7.3	0.4
601.52	7.4	0.5
584.84	7.2	0.5
548.24	7.2	0.6
521.23	7	0.5
518.97	6.9	0.6
514.8	7	0.6
515.82	6.9	0.7
514.46	6.8	0.7
554.7	6.8	0.7
630.27	6.5	0.6
814.7	6.5	0.7
887.59	7.3	0.6
918.57	7.3	0.6
924.92	7.2	0.6
902.03	7.3	0.6
914.58	7.3	0.5
924.08	7.4	0.5
918.96	7.3	0.4
885.08	7.3	0.4
768.6	7.3	0.5
698.25	7.4	0.4
682.99	7.3	0.4
650.02	7.3	0.4
627.35	7.3	0.4
600.72	7.1	0.5
580.2	7.1	0.4
554.98	7.1	0.6
545.67	7	0.4
532.96	6.9	0.6
533.3	6.9	0.5
529.55	6.8	0.6
532.01	6.8	0.7
564.04	6.7	0.7
652.35	6.8	0.6
816	7.2	0.6
875.3	7.4	0.6
895.73	7.3	0.5
905.69	7.3	0.5
888.6	7.3	0.5
898.22	7.3	0.4
908.95	7.4	0.4
886.49	7.3	0.4
841.04	7.3	0.4
682.18	7.3	0.4
610	7.3	0.4
578.44	7.3	0.4
580.08	7.4	0.5
579.28	7.2	0.4
576.22	7.4	0.5
561.14	7.2	0.4
516.49	7.1	0.4
511.02	7	0.5
509.91	7	0.5
508.18	7	0.6
509.11	6.9	0.6
508.88	6.9	0.7
509.94	6.9	0.6
498.39	6.7	0.8
502.99	6.8	0.6
525.13	7	0.8
548.25	7.1	0.7
568.39	6.9	0.7
571.52	6.8	0.6
568.9	6.8	0.6
568.06	6.7	0.7
575.34	6.8	0.6
574.85	6.6	0.6
561.93	6.6	0.7
549.88	6.5	0.6
538.27	6.4	0.6
545.04	6.6	0.7
543.54	6.7	0.6
546.78	6.7	0.6
544.04	6.7	0.7
532.79	6.8	0.6
519.23	6.8	0.7
508.04	6.8	0.7
500.1	6.8	0.7
497.66	6.8	0.7
497.91	6.7	0.6
496.5	6.7	0.7
486.42	6.7	0.7
486.96	6.6	0.7
499.45	6.7	0.8
519.83	6.8	0.7
528.77	6.8	0.7
539.78	6.9	0.7
557.03	6.8	0.7
576.37	6.8	0.6
575.86	6.7	0.6
573.02	6.8	0.6
566.78	6.8	0.7
575.48	6.6	0.6
583.79	6.6	0.7
599.08	6.5	0.6
596.41	6.4	0.7
580.67	6.4	0.7
561.42	6.5	0.7
530.53	6.6	0.7
521.65	6.6	0.8
516.6	6.7	0.7
513.34	6.6	0.8
510.06	6.5	0.8
507.64	6.5	0.9
544.19	6.5	0.9
643.24	6.6	1
801.89	7.1	0.8
867.81	7.4	0.8
900.15	6.9	0.7
910.42	7.3	0.6
904.82	7.2	0.6
914.42	7.1	0.6
930.16	7.1	0.6
906.61	7.6	0.6
879.16	7.9	0.5
761.92	7	0.5
696.71	7.3	0.4
641.96	7.3	0.5
614.2	7.2	0.5
602.08	6.9	0.5
612.81	7	0.6
585.35	6.8	0.7
543.88	6.8	0.7
531.56	6.7	0.7
518.71	6.7	0.9
507.94	6.6	0.9
503.22	6.6	0.8
507.21	6.6	0.9
550.68	6.5	0.8
647.96	6.6	0.9
816.24	7	0.9
876.28	7.4	0.9
890.87	7.6	0.7
896.71	7.8	0.7
892.59	7.7	0.5
900.62	7.7	0.5
919.48	7.9	0.5
915.02	7	0.4
878.28	7.1	0.5
767.71	6.8	0.4
690.73	6.9	0.4
657.57	7.1	0.4
656.11	7.2	0.5
624.15	7.2	0.5
599.81	7.2	0.6
583.96	7	0.5
557.93	6.9	0.6
555.74	6.9	0.7
547.74	6.9	0.7
540.33	6.9	0.7
536.64	6.9	0.7
535.16	6.9	0.8
581.88	6.9	0.8
658.73	6.8	0.9
815.74	7.3	0.8
888.96	7.5	0.7
915.96	7	0.6
927.61	7.3	0.5
910.39	7.2	0.5
917.41	7.9	0.5
935.84	7.8	0.6
925.07	7.6	0.5
886.38	7.4	0.6
771.9	7.1	0.5
700.9	7	0.6
685.9	6.8	0.6
692.4	6.4	0.9
654.5	6.1	1.1
626.4	5.6	1.5
608.4	5.4	1.4
573.9	5.6	1
562.8	5.6	1.5
547.3	5.3	1.4
541.7	5.2	1.4
540.2	5.3	1.8
541.6	5.2	1.6
566.9	5.1	1.5
660.1	4.5	1.9
832.9	4.8	1.8
890.1	4.9	1.4
909	4.9	1.5
922.9	4.4	1
901.3	4.9	0.4
916.8	5.1	0.7
927.6	5.4	0.7
907.4	5.4	0.6
873.4	5.5	0.8
783.7	5.3	0.7
710.4	4.7	0.7
695.8	5.1	0.7
676.1	5.7	0.8
624.9	5.6	0.9
606.5	5.6	0.9
587.6	5.3	1.3
567.7	5.1	1.2
564.5	4.9	1.4
556.3	5	1.3
548.9	5.1	1.4
551.4	5.2	1.4
544.1	5.2	3
565.3	5.3	1.6
646.8	5.3	1.9
806.2	5.4	1
864.6	5.9	1.1
886.2	5.8	0.9
899.2	5.6	0.8
877.7	5.1	0.7
893.6	6.1	0.8
893.6	6	0.7
871.4	6	0.7
831.2	6	0.7
704	5.8	0.8
625.3	5.5	0.6
615.5	5.5	0.8
610.4	5.5	0.7
606.6	5.4	0.7
593.8	5.4	0.8
547.3	5.2	0.9
542.8	5	1.2
537.8	5.3	1.2
534	5.3	1.4
534.3	5.2	2.2
532.6	5.2	1.3
531.8	5.1	1.5
532.3	5.1	1.5
522.1	5.2	1.5
532.9	5.3	1.5
566.9	5.4	1.6
589.2	5.4	1.4
603.6	5.3	1.2
596.9	5.3	1.2
586.2	5.5	1
593	5.3	0.9
592.3	5.2	0.9
578.4	5.4	0.9
559.8	5.4	0.9
557.3	5.3	0.9
542.7	5.2	0.9
549.5	5.2	0.9
542.8	5.3	0.9
548.5	5.3	0.9
534.9	5.1	1
519.9	5.4	0.9
505.9	5.5	1
506.8	5.3	0.9
505.8	5	1
502.8	5.1	1.1
502.1	5	1.4
502.8	4.9	1.3
491.8	4.7	1.3
497.8	5	1.5
510.5	5.5	1.4
521.1	5.7	1.3
534.5	5.5	1
550.8	5.5	1
568.1	5.7	1
573.4	5.9	0.9
575.2	6	0.9
577.4	5.7	0.9
565.7	5.9	0.9
562.6	5.9	0.9
573	5.5	0.9
582.7	5.2	1
583	5.2	0.9
571	5.3	0.9
560.5	5.1	1
539.5	5	1
514	4.9	0.9
505.2	4.9	1
498.4	5	1
496.6	5	0.9
496.4	5	1
551.2	5.1	1
637	5.1	1.1
798	5.6	1
860.1	6.1	0.9
898	6	0.8
895.8	6.3	0.8
893	6.4	0.7
914.7	6.5	0.6
939.9	6.7	0.7
928.4	6.6	0.5
899	6.4	0.6
774.4	6.3	0.6
716.1	6.5	0.5
700.6	5.9	0.6
704.2	5.7	0.6
663.9	5.5	0.7
642.9	5.6	0.7
629.5	5.4	0.7
590.4	5.1	0.8
564.9	5.3	0.9
564.7	5	0.9
557.3	5	0.9
541.3	4.9	0.9
538.9	5	1
564.3	4.9	0.9
653.5	4.9	0.9
813.1	5.4	1
884.2	5.8	0.8
902.4	6.1	0.8
890.9	6.3	0.7
901.3	6.3	0.6
910.6	6.3	0.6
914.1	6.1	0.6
915.5	6.2	0.6
868.4	6.3	0.5
762.5	6.2	0.6
706.2	6.1	0.5
694.3	5.9	0.5
707.1	5.7	0.6
684	5.6	0.5
641.1	5.7	0.7
608.4	5.5	0.8
564.5	5.2	0.8
543	5.6	0.9
530.1	5.6	0.9
526.1	5.4	0.9
525.3	5.3	0.8
526.2	5.1	1.4
560.6	4.9	1.2
655.6	5.1	1.4
824.2	5.7	1.1
878.6	5.7	1
900	6.2	0.8
922.5	6.4	0.7
918.3	6.3	0.7
925.8	6.3	0.6
945.6	6.4	0.6
938.6	6.4	0.5
881.2	6.6	0.6
754.5	6.5	0.5
690.2	6	0.5
674.5	6	0.5
683.2	5.9	0.6
665	5.8	0.6
635.5	5.8	0.6
587.4	5.7	0.7
548.1	5.4	0.7
527.9	5.4	0.8
525	5.7	0.8
514.2	5.7	0.9
514	5.6	0.8
514.9	5.5	1
541.9	5.3	0.9
637.8	5.3	1
809	5.5	0.9
874.4	5.8	0.9
920.2	6.2	0.7
928.7	6.4	0.7
917.3	6.5	0.6
928.1	6.5	0.6
937.8	6.8	0.5
926	6.5	0.5
893	6.5	0.5
778.2	6.5	0.5
701.9	6.1	0.5
679.4	6	0.5
689.3	5.9	0.5
649.3	5.7	0.5
624.5	5.7	0.7
601.9	5.6	0.6
567.5	5.5	0.7
546.6	5.6	0.8
531.5	5.4	1
530.9	5.5	1
524.4	5.1	1
536.3	4.8	0.9
569.7	5.2	1
664.2	5.2	0.9
811.6	5.3	1
876.8	6	1
911.3	6.4	0.7
918.8	6.5	0.5
895.4	6.5	0.6
903.3	6.1	0.5
907.6	5.6	0.5
892.6	5.5	0.4
841.6	5.4	0.5
692.2	5.3	0.5
627.9	6	0.5
612.6	5.6	0.4
615.5	5.2	0.6
569.2	5	0.7
537.2	5.3	0.8
524.1	5.2	0.9
517.4	5.2	1
513.2	5.1	1
511.6	4.9	1
510.2	4.8	1.2
509.5	4.8	1.5
510.6	4.7	1.5
509.6	4.8	1.9
499.4	4.7	1.8
506.9	4.6	1.3
531.4	4.8	1.4
551.5	4.8	1.3
571.6	4.7	1.3
572.5	4.9	1.3
575	4.9	1.2
586.4	4.8	1.3
591.6	4.9	1.2
587.8	4.9	1.4
571.1	4.8	1.1
555.6	4.9	1.2
546.8	4.7	1.1
533.1	4.6	1.3
537.3	4.7	1.5
542.9	4.7	1.6
534.5	4.9	1.5
522.1	5	2
512.3	4.8	1.3
502.2	4.9	1.9
497.8	4.6	2
494	4.6	2
494	4.5	2.1
494.9	4.5	2.1
485.2	4.3	2.3
488.1	4.4	2
497.9	4.5	2.2
510.9	4.6	2
520.5	4.6	1.9
532.8	4.9	1.8
548.5	4.8	1.6
564	4.9	1.5
572.9	5.1	1.5
576.1	5.2	1.3
573.4	5.1	1.3
575.5	5.2	1.3
573.7	4.9	1.2
574.5	4.7	1.3
574.2	4.6	1.3
559.5	4.4	1.3
550.3	4.5	1.6
527.6	4.5	1.8
516.6	4.3	1.9
510.3	4.4	2
510.1	4.2	2.1
505	4.3	2.3
508	4.1	2.5
545.9	4.3	2.5
648.3	4.2	2.5
786.1	4.5	1.8
863.8	4.7	1.7
900.6	5.2	1.6
900.9	5.1	1.5
875.2	5.3	1.3
893.4	5.4	1.2
911.5	5.5	1.2
906	5.6	1.1
866.4	5.5	1.1
751.8	5.4	1.1
702.8	5.2	1
688.4	5	1.1
679.3	4.9	1.2
656.1	4.8	1.3
645.3	4.9	1.3
621.9	4.8	1.6
562.5	4.6	1.6
546.3	4.6	1.6
532.9	4.3	1.7
530.3	4.4	2
529.6	4.4	2
529.3	4.4	2
558.9	4.4	2.1
653.7	4.4	2.1
813.8	5	2
874.7	5.4	1.7
910.7	5.8	1.4
904.3	5.6	1.2
895.9	5.4	1.1
917.2	5.9	0.9
926.9	6	0.9
923.1	6	0.8
878.5	5.9	0.7
755.3	5.6	0.8
696.3	5.1	0.8
686.3	4.7	1
687.2	4.5	0.9
662.8	3.7	1
626.3	3.1	0.9
601.5	4.8	0.9
569	5.1	1.1
558.6	4.8	1.4
544.4	5.1	1.5
542.2	4.7	1.6
538.7	4.6	1.6
541.5	4.5	1.7
575.2	4.5	1.7
666.8	4.5	2.6
812.6	5	1.5
892.5	5.5	1.3
924.3	5.6	1.3
939.7	5.9	1.1
909.7	5.9	1.1
927	6	1
933.5	6.3	0.9
926.6	6.2	0.8
893.1	6.2	0.8
772.6	6.1	0.7
703.1	5.9	0.8
700.4	5.5	0.7
699.2	5.4	0.8
687.8	5	1
650.4	4.9	1.2
606.1	4.7	1.4
574.8	4.8	1.5
558.8	4.6	1.4
548.8	4.6	1.4
539.8	4.6	1.5
536.2	4.6	1.8
532.3	4.6	1.8
563.7	4.6	2.1
652.8	4.4	2.1
808.2	5.1	1.9
875.3	5.4	1.6
897.9	5.9	1.2
905.1	6.2	1
900	6.1	1
920.8	6	0.9
926.3	6.3	0.9
913.7	6.3	0.8
873.7	6.1	0.8
753	5.9	0.7
694.2	6.1	0.7
691.7	6.2	0.8
675	6.1	0.8
660.2	5.7	0.9
628.3	6	0.9
581.7	5.5	0.9
564.1	5.3	1.2
548.6	5.3	1.2
546.6	5.2	1.2
533.8	5.3	1.3
523.5	5.1	1.3
522.7	5.3	1.4
549.7	5.1	1.4
626.1	5.1	1.4
781.1	5.7	1.3
849	6.2	1.3
887.4	6.5	1.1
908.1	6.8	1
881.7	6.7	1
895.8	6.7	0.8
887.3	6.7	0.7
881.8	6.9	0.7
841.3	6.4	0.7
682.5	6.2	0.7
612.5	5.9	0.7
600.5	5.7	0.7
602.4	5.4	0.7
606.7	5.4	0.9
603.7	5.5	1
590.3	5.4	0.9
583.6	5.6	1.1
555.1	5.4	1.1
541.8	5.4	1.2
535.3	5.3	1.2
533.5	5.2	1.4
533	5.1	1.4
532.8	5.3	1.4
541	5.2	1.4
569.4	5.5	1.3
590.2	5.5	1.3
607.7	5.6	1.3
622.3	5.8	1.2
634.8	6	1.3
643.3	6.1	1.2
629.4	6.2	1.2
613.5	6.3	1.1
594.8	6.1	1.1
579.4	6	1.1
577.1	5.8	1
568.4	5.5	1
580.6	5.4	1.1
583.7	5.4	1.1
572.9	5.4	1.1
568.1	5.3	1.2
558.7	5.3	1.1
553.6	5.1	1.4
544.5	5.2	1.4
540.7	5	1.3
541.6	5	1.6
541.2	5	2.1
539.8	5.2	1.8
528.3	5.2	1.7
529.3	5.3	1.3
539.2	5.6	1.4
556.1	5.6	1.3
564.9	5.8	1.3
573.9	5.9	1.2
586.4	6.1	1.2
582.6	6.1	1.1
585.9	6.2	1.1
583.3	6.1	1
582.7	6.2	1.1
580.8	6.1	1
590.5	5.9	1.1
589.8	6	1
583.5	5.8	1
569.6	5.8	1
559.7	5.9	1
534	5.6	1.1
516.9	5.4	1
519.6	5.5	1.1
523.4	5.5	1.1
522.5	5.5	1.1
525	5.6	1.1
549.2	5.8	1.1
641.1	5.9	1.2
799.2	6.2	1
876.3	6.8	1
898.4	6.9	0.9
901.8	7	0.6
892.3	7	0.6
916.9	6.9	0.6
944.7	6.9	0.5
935.4	6.9	0.6
891	6.9	0.6
782.1	6.9	0.6
718.9	6.7	0.7
692.2	6.4	0.6
699.2	6.3	0.6
669.7	6.1	0.7
642.1	5.8	0.6
624.3	5.7	0.7
584	5.7	0.7
555.5	5.6	0.8
543.4	5.7	0.8
539	5.7	0.9
536.6	5.6	1.1
543.7	5.6	1
579.3	5.5	1.3
671.9	5.5	1.2
825	5.7	1.2
879.5	6.1	1.1
910.4	6.9	0.9
901.5	6.9	0.8
890.9	7	0.7
915.6	7	0.6
920	7.1	0.5
927.1	6.9	0.6
884.4	6.6	0.5
771	6.7	0.5
701	6.7	0.5
700.6	6.9	0.6
697.1	6.7	0.6
655.7	6.5	0.5
614.1	6.2	0.6
613	5.9	0.7
581.2	5.8	0.8
562.6	5.7	0.9
540.9	5.7	1
527.2	5.7	0.9
522.2	5.7	1
527.4	5.7	1
572.7	5.7	1
658.8	5.6	1
792.3	6	0.9
868.1	6.3	0.9
904.4	6.5	0.8
901.9	6.7	0.8
892.1	6.5	0.7
906.3	6.2	0.6
925	6.4	0.6
905	7	0.6
879.4	6.9	0.5
778.91	6.9	0.5
710.43	6.6	0.5
695.87	6.5	0.6
680.8	6.3	0.6
665.1	6.1	0.6
651.67	6	0.5
606.94	5.9	0.7
577.86	6	0.8
558.74	5.8	0.9
547.58	5.8	0.9
543.06	5.8	1
544.96	5.8	1.1
545.89	5.7	1.2
580.63	5.8	1.1
655.95	5.7	1.2
806.52	5.9	1.1
865.51	6.3	1
900.95	6.1	0.7
918.94	5.8	0.5
903.18	5.7	0.5
939.24	5.9	0.5
953.35	6.3	0.5
934.9	6.7	0.6
904.21	6.8	0.4
789.59	6.8	0.5
735.96	6.5	0.5
715.81	6.1	0.4
710.08	6.1	0.5
686.05	6.1	0.6
651.14	6	0.5
624.32	6.1	0.6
592.11	5.9	0.5
577.38	5.7	0.5
565.43	5.5	0.6
562.22	5.7	0.5
565.19	6.1	0.5
565.73	6.1	0.8
597.83	6.2	0.7
679.1	6.1	0.7
824.88	6.1	0.7
891.7	6	0.6
927.22	6.2	0.6
930.03	6.4	0.5
910.3	7.1	0.5
913.43	7.2	0.5
915.21	7.2	0.5
891.91	7.2	0.5
850.17	7	0.4
700.53	6.9	0.5
630.49	6.7	0.4
614.54	6.4	0.6
612.4	6.3	0.4
591.53	6.4	0.7
576.76	6.4	0.7
567.02	6.4	0.7
552.74	6.4	0.7
537.76	6.5	0.8
533.91	6.4	0.7
529.06	6.4	0.8
508.12	6.3	0.9
494.09	6.2	0.9
491.61	6	1.1
490.08	5.9	1.1
494.19	6	1.3
529.58	5.8	1.2
553.65	5.8	1.2
575.18	5.9	1.2
576.92	6	1.2
586.47	5.9	1.2
587.15	5.9	1.1
591.25	5.7	1.1
591.61	5.6	1.3
586.76	5.4	1.5
577.56	5.5	1.9
584.57	5.3	1.6
584.52	5.4	1.6
573.89	5.2	1.7
566.16	5.2	1.6
558.39	5.1	1.7
536.42	5.3	2
528.94	5.4	1.6
523.91	5.3	1.7
518.69	5.3	1.7
518.13	5.2	1.9
517.55	5.2	2.6
522.94	5.1	1.9
512.52	5.1	2.4
508.09	5.2	2.1
517.72	5.3	1.8
531.88	5.3	1.8
537.64	5.2	1.8
554.77	5.2	1.6
578.07	5.1	1.5
598.36	5.1	1.5
607.77	5.3	1.4
616.5	5.2	1.3
602.57	5.2	1.4
596.12	5.1	1.3
583.99	4.8	1.4
586.29	4.7	1.4
589.43	4.6	1.4
580.17	4.6	1.4
572.01	4.8	1.7
546.99	4.5	1.6
530.31	4.5	2
530.19	4.4	2
524.47	4.4	2.3
521.51	4.4	2.3
522.91	4.3	2.3
564.57	4.4	2.3
681.73	4.4	2.3
826.78	4.7	2.3
884.2	5.3	1.9
916.63	5.6	1.6
930.34	5.5	1.3
915.98	5.8	1.2
926.43	6	1.2
943	6.1	1
930.02	6.1	1
906.7	6.1	1.1
795.95	6	1
738.25	5.6	1
730.06	5.3	1
728.87	5.3	1.1
699.43	5	1.3
649.71	5	1.2
636.28	4.8	1.4
596.67	4.9	1.6
588.41	4.9	1.7
575	4.9	1.6
568.06	4.9	2.2
565.43	4.9	1.5
572.25	4.9	2.1
611.82	4.9	2.7
687.26	4.9	2.5
831.24	5	1.3
882.35	5.4	1.4
909.93	5.6	1.3
910.15	5.7	1.2
904.69	5.7	1.2
920.66	5.8	1
920.28	5.9	1
918.15	6	1
885.62	6	0.9
785.01	5.8	0.9
711.81	5.5	1
700.77	5.4	1
706.9	5.5	1.1
663.25	5.4	1.1
651.72	5.3	1.2
617.94	5.3	1.1
593.34	5.1	1.2
578.46	5.1	1.3
572.6	5	1.5
567.7	5.2	1.6
557.71	5.1	1.6
560.31	5.2	1.6
592.73	5.2	2.1
679.19	5.1	1.7
833.81	5.5	1.4
887.35	5.6	1.3
924.7	5.9	1.1
933.11	6.1	1.1
912.27	6	0.9
923.75	5.9	1
940.38	6	0.9
939.14	5.9	0.9
905.16	5.9	0.9
797.5	5.8	0.9
721.88	5.7	0.9
703.89	5.5	0.9
695.88	5.3	0.9
665.24	5.2	1
643.93	5.4	1.1
632.6	5.3	1.1
600.35	5.3	1.3
583.92	5.2	1.2
572.07	5.1	1.3
561.09	5.2	1.4
557.41	5.3	1.4
554.28	5.3	1.4
580.84	5.3	1.4
679.67	5.3	1.7
818.54	5.4	1.6
893.02	5.7	1.3
918.19	6	1.1
919.94	6.1	0.9
915.89	6	0.8
934.8	6.2	0.9
927.24	6.2	0.7
931.95	6.1	0.8
913.58	6.2	0.7
799.77	6	0.6
730.33	5.8	0.7
705.81	5.6	0.8
708.91	5.2	0.8
687.35	5.2	0.9
647.63	5.3	1
623.38	5.3	1.1
602.13	5.4	1.1
582.86	5.4	1.2
574.72	5.5	1.2
569.83	5.5	1.3
563.09	5.4	1.2
571.33	5.4	1.2
602.55	5.3	1.6
689.59	5.4	1.3
844.63	5.6	1.3
897.27	5.8	1.1
912.77	6.1	1
919.03	6.7	0.9
902.62	6.7	0.8
907.07	6.6	0.8
924.75	6.3	0.8
906.58	6.4	0.6
855.34	6.6	0.8
709.86	6.4	0.7
657.59	6.3	0.8
641.86	6.1	0.7
623.62	6.1	0.8
573.95	6	0.8
557.07	5.9	1
546.93	5.9	0.9
542.23	5.9	1.1
539.22	5.9	1
538.84	5.9	1.2
536.09	5.9	1.1
534.96	5.9	1.1
534.16	5.8	1.1
530.99	5.7	1.2
525.7	5.8	1.2
528.75	5.8	1.2
556.49	4.5	1.1
579.07	5.6	1.1
586.11	6	1
599.91	6.3	0.9
589.97	6.3	1
588.34	6.3	0.9
591.86	6.2	0.9
586.48	5.9	0.9
573.21	5.9	0.9
569.25	5.8	0.9
574.6	5.7	0.9
576.32	5.7	1
583.62	5.5	0.9
577.34	5.6	1
569.4	5.5	1.1
552.12	5.6	1
542.35	5.6	1.1
539.14	5.6	1.2
534.96	5.6	1.2
536.54	5.6	1.3
535.53	5.5	1.2
535.14	5.7	1.3
529.47	5.7	1.2
527.46	5.7	1.2
540.83	5.8	1.1
554.48	5.8	1.2
557	5.8	1.2
575.94	5.9	1.2
586.2	6.2	1
593.9	6.5	1.1
605.66	5.9	0.9
608.76	5.7	1
594.7	5.6	1
598.39	5.6	0.8
606.15	5.6	0.9
618.25	5.6	1
613.41	5.9	0.9
601.07	6.4	0.9
588.56	6.5	1
567.73	6.4	1
547.06	6.1	0.9
541.49	5.9	1
535.62	6.1	1
530.25	5.9	1.1
533.73	5.8	1
562.9	6	1.1
665	5.9	1
820.47	6.2	1
903.72	5.8	1
930.49	5.9	0.8
932.84	6.1	0.8
913.45	6.2	0.6
928.66	6.1	0.7
962.88	6.2	0.5
959.59	6.3	0.7
915.32	6.8	0.6
775.65	6.5	0.6
722.68	6.4	0.7
711.97	6.4	0.6
705.23	6.4	0.7
694.34	5.8	0.6
656.73	6.3	0.7
624.01	6.5	0.7
594.19	6.3	0.8
575.08	5.5	0.9
562.85	5.3	1.1
558.32	5.3	1.2
553.16	5.1	1.5
555.73	5.1	2.2
591.1	5.1	1.9
697.82	5	2.3
852.71	5.2	1.6
907.65	5.4	1.6
930.37	5.5	1.2
926.11	5.5	1.2
912.4	5.3	1.2
932.43	5.4	1.1
943.83	5.4	1
942.34	5.5	1
896.91	5.4	1.1
782.45	5.4	1
718.86	5.2	1.5
712.53	5.3	1.5
716.73	5.2	1.5
714.39	5.2	1.7
689.53	5.2	1.9
639.23	5	2.3
605.45	5	2.5
581.05	4.9	2.7
564.96	5	2.5
561.95	4.9	2.8
559.31	5	2.7
566.15	5	2.8
609.63	4.9	2.6
703.33	4.9	3.1
839.63	5.1	2.7
904	5.2	2.8
934.97	5.2	2.5
964.95	5.3	2.7
944.02	5.2	2.1
950.18	5.3	2.4
963.48	5.3	1.6
958.77	5.5	1.9
920.18	5.4	1.8
799.54	5.3	2.2
730.74	5	2.5
696.65	5.1	2.6
681.04	4.8	2.3
663.57	5.2	2.6
647.11	4.9	2.6
631.12	4.5	3.3
597.62	4.4	3.2
578.54	4.3	3.3
567.91	4.3	3.6
554.71	4.3	3.2
550.18	4.3	3.4
553.26	4.2	4
587.46	4.2	3.9
679.81	4.2	3.8
850.9	3.8	3.6
917.35	4.3	3.1
946.43	5.6	2.7
959.21	5.4	3.1
949.75	5.4	2.2
960.96	5.1	2.8
968.85	5.3	2.7
967.24	5.4	3
935.78	5.3	2.4
828.53	5.3	2.7
753.95	5.5	2.1
743.55	5.5	2.7
742.01	5.2	2.8
730.73	4.6	2.9
676.46	5.1	2.7
651.78	5	4
637.75	5.2	3.7
619.16	5.1	3.6
609.32	5	3.6
608.06	5	3.4
603.94	4.9	3.5
605.46	4.8	3.4
632.81	4.8	3.4
706.77	4.7	3.4
839.89	4.5	2.6
901.17	5.1	3.5
947.68	5.3	1.7
960.75	5.3	2.1
941.71	5.2	2
954.44	5.5	2
951	5.5	1.7
935.29	4.8	1.7
905.69	4.9	1.5
762.49	5.1	1.5
668.94	5.4	1.7
668.69	5	2.1
661.36	4.8	1.9
654.7	4.6	2
627.69	4.5	2.4
599.03	4.6	3.5
582.71	4.6	3.1
572.5	4.6	2.2
563.75	4.5	2.8
560.45	4.6	2.8
559.95	4.5	2.8
563.37	4.5	2.7
559.52	4.6	2.8
554.6	4.5	3
561.72	4.7	2.6
585.34	4.6	2.2
604.98	4.7	2.2
611.14	4.9	1.9
609.3	4.9	1.8
621.68	5.1	1.8
624.01	5.3	1.6
622.76	5.5	1.7
618.65	5.4	1.6
603.85	5.2	1.5
596.08	5.2	1.4
596.84	5.2	1.6
600.56	5.5	1.5
598.27	5.3	1.7
600.95	5.2	1.5
590.19	5.1	1.6
580.4	5	1.9
575.96	4.9	2.1
568.63	5	1.9
558.59	5	1.9
549.59	5	2.3
543.79	5.1	2.3
543.45	5	1.9
535.97	4.9	1.9
533.5	5	2
546.8	5.2	2
568.68	5.2	1.8
580.34	5.4	1.6
595.15	5.4	1.6
617.22	5.1	1.4
629.47	4.9	1.5
640.36	5	1.3
654.75	4.9	1.3
646.89	5	1.4
629.02	4.9	1.3
637.37	4.9	1.3
640.38	4.9	1.3
639.59	4.9	1.3
628.96	4.8	1.3
606.79	5	1.3
576.33	5.1	1.4
558.43	5.4	1.7
548.6	5.5	1.5
545.25	5.4	1.5
540.76	5.5	1.7
548.18	5.7	1.7
600.28	5.7	1.7
685.18	5.8	1.7
827.87	6	1.6
903.61	6	1.5
927.58	6.4	1.3
938.74	6.7	1.2
925.66	6.7	1.1
933.89	6.8	0.9
968.89	6.8	0.9
972.48	6.8	1
952.76	6.8	0.9
822.66	6.6	1
746.52	6.4	1
746.87	6.1	1.1
751.62	6.1	1.2
720.67	6	1.2
704.52	5.9	1.2
677.88	5.8	1.3
642.55	5.7	1.4
621.98	5.7	1.5
621.55	5.8	1.5
638.38	5.8	1.6
652.32	5.8	1.5
652.06	5.8	1.6
668.07	5.8	1.5
739.38	5.8	1.7
873.07	6.1	1.6
923.9	6.4	1.4
939.83	6.7	1.3
939.17	6.8	1.3
938.46	6.6	1.1
962.71	6.8	1.1
968.61	6.9	1.2
967.41	6.8	0.8
937.16	6.8	0.9
829.11	6.5	0.9
758.09	6.3	1
734.26	6.1	1.1
711.2	6.2	1.3
701.16	6.2	1.4
664.7	6.2	1.4
639.76	6.1	1.3
621.36	5.9	1.4
602.14	5.9	1.5
587.86	5.9	1.4
576.73	5.9	1.5
573.57	5.9	1.6
580.46	5.9	1.6
614.37	5.9	1.7
719.71	6	1.7
859.31	6.2	1.6
927.1	6.4	1.3
955.13	6.6	1.2
960.03	6.7	1.2
941.74	6.6	1.1
949.6	6.5	1
965.88	6.4	1
961.07	6.6	0.8
920.22	6.4	0.8
818.39	6.2	0.9
758.77	5.9	0.9
751.95	5.9	1.3
744.16	6	1.3
712.82	5.9	1.3
685.7	5.8	1.4
646.35	5.9	1.5
606.85	5.8	1.6
587.46	5.8	1.5
567.85	5.6	1.5
563.15	5.6	1.7
562.87	5.5	1.7
565.53	5.4	1.8
601.57	5.4	1.7
684.38	5.5	1.8
857.55	5.6	1.8
909.54	5.8	1.6
926.07	6.3	1.3
925.25	6.4	1.1
919.38	6.3	1.1
933.98	6.4	1
950.34	6.5	1
945.39	6.3	0.9
918.41	6.2	0.9
809.4	6.1	0.9
751.88	5.8	0.9
714.78	5.7	1.1
705.07	5.5	1.1
689.85	5.7	1.1
668.12	6.1	1.2
628.68	6	1.4
607.84	5.7	1.4
591.81	5.5	1.4
579.13	5.6	1.6
567.68	5.5	1.7
558.86	5.4	1.8
567.81	5.6	1.8
614.69	5.6	1.7
694.73	5.7	1.7
828.21	5.9	1.7
909.09	6.1	1.4
937.39	6.4	1.4
951.16	6.7	1.2
945.77	6.5	0.8
970.98	6.1	0.3
969.14	6	0.2
946.74	5.7	0.3
913.43	5.5	0.2
756.8	5.3	0.2
688.55	5.1	0.2
669.38	4.9	0.3
636.93	4.7	0.2
630.19	4.5	0.2
611.14	4.7	0.3
600.04	4.7	0.3
590.88	4.7	0.3
588.29	4.7	0.4
587.59	4.8	0.3
581.58	4.7	0.4
579.63	4.7	0.3
575.9	4.7	0.4
575.84	4.7	0.3
570.17	4.7	0.4
573.41	4.6	0.4
607.88	4.6	0.3
631.36	4.7	0.4
650.65	4.6	0.3
649.02	4.9	3.4
649.6	5.3	2
651.44	5.5	1.9
656.82	5.6	1.9
654.27	5.6	1.8
623.85	5.6	1.8
603.36	5.5	1.7
607.25	5.6	1.8
603.64	5.6	1.7
598.88	5.7	1.8
592.87	5.6	1.7
589.66	5.7	1.7
571.43	5.6	1.8
562.23	5.6	1.8
557.83	5.7	1.8
552.19	5.6	1.8
552.62	5.7	1.8
550.25	5.6	1.8
548.53	5.7	1.8
545.14	5.6	1.8
538.08	5.7	1.8
548.29	5.7	1.8
561.06	5.8	1.8
579.32	5.7	1.8
597.92	5.7	1.8
610.25	5.7	1.7
625.43	5.8	1.8
631.68	5.9	1.7
637.31	5.8	1.9
632.27	5.8	1.9
624.92	5.7	1.9
619.17	5.8	1.9
642.38	5.7	1.9
645.66	5.7	2
630.45	5.6	2
616.49	5.7	2.1
609.91	5.7	2
585.22	5.8	2
573.15	5.7	2
567.87	5.7	1.9
565.44	5.8	2.1
556.38	5.7	1.7
557.44	5.8	1.8
586.63	5.8	1.7
706.82	5.8	1.6
860.32	6.1	1.7
917.77	6.4	1.4
934.4	6.2	1.5
946.46	6.3	1.6
930.78	6.4	1.6
969.51	6.2	2.5
969.63	5.9	2.7
923.36	5.9	2.2
808.58	5.8	2.7
756.17	5.5	2.1
751.87	5.4	1.9
742.87	5.4	2.2
732.8	5.1	2.3
704.28	5.1	2.4
647.84	4.8	2.6
603.86	4.5	2.7
603.96	4.2	2.6
609.08	4.1	2.6
615.4	4.2	3
620.03	4.2	3.2
631.52	4.2	3.2
671.79	4.2	3.3
737.84	4.2	3.1
876.07	4.8	2.7
927.39	5	2.4
941.76	5.2	2.3
950.73	5.3	2.3
943.98	5.2	2.3
962.22	5.5	2.2
975.74	5.5	1.7
987.59	5.5	1.8
933.24	5.3	1.6
810.8	5.1	1.8
740.4	5	2.2
715.26	4.7	2.4
713.74	4.8	2.6
697.16	4.7	2.1
659.5	4.6	2.3
632.63	4.6	2.5
596.86	4.5	2.7
576.96	4.5	2.6
566.61	4.4	2.7
556.64	4.5	2.8
555.67	4.3	2.8
561.89	4.3	2.8
599.29	4.6	2.7
701.89	4.6	2.8
854.67	5.1	3.3
928.74	5.2	2.6
937	5.5	1.9
945.6	5.7	2.2
931.45	5.7	2.1
944.37	5.7	1.8
959.52	5.9	1.8
949.43	6	1.8
908.52	6.1	1.8
793.22	5.9	2
741.77	5.7	1.8
708.31	5.6	2.1
707.13	5.6	2
687.72	5.3	2.2
664.69	5	2.3
640.63	5	2.4
607.97	5	4.2
589.64	4.9	3.5
579.64	4.8	3.6
562.04	4.7	3.6
556.22	4.7	3.6
558.12	4.6	3.7
591.98	4.5	3.6
687.62	4.6	3.7
846.97	4.8	3.1
905.54	5.1	2.7
928.3	5.2	2.4
946.31	5.3	2.1
932.94	5.2	2.1
953.41	5.4	2.2
973.4	5.5	2.1
961.22	5.5	2.1
919.85	5.4	2.6
813.56	5.2	2
753.13	5	2.3
714.72	4.8	2.4
726.81	4.8	2.7
720.02	4.7	2.6
693.27	4.7	2.7
638.36	4.6	2.7
584.03	4.2	3
569.45	4.2	3.2
559.73	4.3	3.3
555.34	4.1	3.4
552.46	4	3.4
559.33	3.9	3.7
589.49	3.9	3.3
682.75	3.9	2.8
842.08	4.2	3.1
908.82	5	2.6
942.29	5.1	2.7
959.1	5.2	2.3
936.46	5.2	2.1
941.44	5.4	2.1
947.26	5.4	2
929.76	5.4	1.9
881.28	5.4	1.9
745.69	5.1	2.5
675.88	4.9	2
654.16	4.8	2.3
655.12	4.8	2.3
639.57	4.8	3.4
625.77	4.7	3.2
612.49	4.8	2.8
593.01	4.7	2.4
556.83	4.7	3.2
542.58	4.7	2.5
534.37	4.6	3.3
532.62	4.6	3.3
528.39	4.6	3.2
526.67	4.5	3.6
527.33	4.6	2.6
540.9	4.8	2.5
569.47	5	2.2
590.2	5.2	2.2
596.01	5.3	2
599.26	5.3	2
604.1	5.3	1.9
596.14	5.4	1.9
601.78	5.5	1.9
596.98	5.7	1.7
582.34	5.6	1.7
575.5	5.7	1.8
572.67	5.6	1.8
574.77	5.7	1.8
568.8	5.7	1.8
566.75	5.8	1.7
555.35	5.8	1.8
542.08	5.9	1.8
527.61	5.9	2
524.12	5.9	1.9
524.65	6	2
523.37	6.1	1.7
524.05	6.1	1.9
522.18	6.2	1.8
510.19	6.1	1.7
513.17	6.2	1.9
521.81	6.3	1.8
547.33	6.2	1.8
571.65	6.3	1.7
595.6	6.4	1.6
619.98	6.3	1.6
630.54	6.4	1.5
624.22	6.4	1.4
620.9	6.3	1.5
608.09	6.3	1.5
593.09	6.3	1.4
603.73	6.2	1.5
605.59	6.2	1.5
607.76	6.2	1.4
593.45	6.1	1.5
575.37	6.2	1.5
555.47	6.4	1.5
542.29	6.2	1.5
538.07	6.3	1.5
534.54	6.2	1.5
530.89	6.3	1.6
534.53	6.2	1.5
568.78	6.2	1.6
676.48	6.4	1.5
834.51	6.6	1.4
893.12	7	1.2
913.79	6.5	1.1
927.76	6.2	1.1
917.41	6.8	1
923.02	7	1
947.07	6.8	1
939.66	6.8	0.8
898.93	6.8	0.8
796.72	6.7	0.9
740.42	6.5	0.9
725.46	6	0.9
716.38	6	1
707.75	6	1
676.63	6	1
637.81	6	1
600.95	6.1	1.1
572.49	6.2	1.2
557.12	6.3	1.2
547.9	6.4	1.1
539.16	6.3	1.2
541.98	6.3	1.2
576.35	6.3	1.2
677.07	6.3	1.1
852.82	6.1	1.2
917.92	6.3	1
933.82	6.6	0.9
938.07	6.5	0.9
937.89	6.4	0.9
953.12	6.3	0.9
964.99	6.4	0.8
974.12	6.5	0.8
931.55	6.7	0.7
820.25	6.8	0.8
755.03	6.3	0.7
724.59	6.4	0.7
722.45	6.2	0.8
702.14	6.1	0.8
686	6.1	0.8
663.9	6.2	0.9
600.3	6.2	1
574.15	6.2	0.9
564.16	6.5	0.9
557.9	6.6	0.9
554.1	6.6	1
553.88	6.5	1
590.68	6.4	1.1
673.46	6.6	1
842.19	6.6	0.9
923.52	6.4	0.9
947.86	6.7	0.9
952.05	6.4	0.8
933.61	6.4	0.6
946.66	6.6	0.7
962.65	6.5	0.7
964.35	6.2	0.6
925.1	6	0.7
802.74	5.9	0.7
751.05	5.6	0.9
746.56	5.4	1
755.46	5.4	1.1
737.18	5.3	1.4
714.29	5	1.2
694.91	5.1	1.7
634.87	5	1.6
608.51	4.9	1.7
594.16	4.9	1.6
585.49	4.8	1.9
582.37	4.8	1.9
588.14	4.8	1.9
630.06	4.7	1.9
716.23	4.7	2
859.77	4.6	1.9
932.72	5	1.6
964.73	5.3	1.2
984.02	5.4	1.2
969.97	5.5	1.1
971.24	5.2	1
987.69	4.9	0.8
991.9	4.8	0.8
942.14	5.1	0.7
820.88	5.5	0.9
772.66	5.2	0.8
757.57	5.1	1
766.29	5	1.2
758.47	5	1.3
718.63	4.9	1.6
677.02	4.9	1.5
660.39	5	1.3
664.82	4.9	1.8
660.72	4.8	1.7
658.8	4.8	2.5
660.26	4.8	2.7
659.53	4.8	2.9
666.69	4.8	2.4
726.55	4.7	1.4
855.86	4.8	1.8
911.56	5.2	1.4
938.96	4.9	1.3
946.16	5	1
926.47	4.7	1
942.06	4.9	1
950.06	5.1	1
941.64	4.9	1.1
897.82	5.4	1.1
755.92	5.2	1
699.35	4.6	0.9
667.06	4.5	1.1
647.92	4.5	1.1
641.87	4.6	1.1
607.45	4.6	1.3
595.04	4.6	1.5
585.5	4.6	1.7
576.3	4.6	2.3
566.53	4.5	1.8
561.93	4.6	2.7
560.03	4.6	2.3
559.11	4.5	1.5
555.2	4.2	2
546.7	4.3	2.1
566.61	4.3	2
593.63	4.6	1.8
607.85	4.6	1.4
621.26	4.7	1.3
632.93	4.5	1.3
647.03	4.5	1.3
650.57	4.5	1.2
650.84	4.4	1.1
650.55	4.5	1.2
627.2	4.5	1.2
611.82	4.4	1.1
585.96	4.7	1.3
596.81	4.6	1.2
597.6	4.7	1.3
598.6	4.8	1.3
587.16	4.9	1.4
565.02	4.9	1.6
553.91	4.8	1.4
547.94	4.8	1.8
544.63	5	1.5
542.67	4.9	1.6
542.94	4.8	1.7
535.65	4.8	1.8
523.06	4.8	1.7
532.94	4.8	1.8
553.47	4.9	1.8
565.18	4.7	1.3
569.73	5	1.1
576.25	4.9	1.4
601.04	4.9	1.3
612.02	4.9	1.2
622.21	5.1	1.3
621.52	5.1	1.2
610.84	5.1	1.3
607.78	5	1.3
608.08	5	1.3
618.04	5	1.3
625.02	4.7	1.3
620	4.7	1.5
608.06	4.6	1.3
582.98	4.7	1.5
566.15	4.9	1.4
552.01	4.9	1.4
551.74	4.8	1.4
548.94	4.7	1.4
552.21	4.7	1.4
599.23	4.8	1.4
686.56	5	1.3
846.67	5	1.3
910.3	5.3	1.2
932.68	5.3	1.2
935.56	5.1	1.1
921.29	5.1	1.1
928.13	5.2	1.1
956.19	5.2	1.1
954.77	5.2	1.1
933.34	5.5	1
814.34	5.5	1
757.86	5.2	1
747.14	5.4	1
742.21	5.3	1.1
729.53	5.5	1.2
696.54	5.3	1.2
654.6	5	1.2
620.49	5.1	1.2
600.69	4.9	1.2
591.24	5	1.2
591.34	5.4	1.2
578.47	5.2	1.2
580.87	5.3	1.3
614.22	5.3	1.2
704.52	5.2	1.1
848.48	5.4	1.2
910.2	5.4	1.1
942.33	5.5	1
945.43	5.2	0.8
930.44	5	0.8
946.17	5.2	0.7
963.49	5.2	0.6
973.98	5.2	0.6
946.46	5.2	0.6
825.18	5.7	0.6
764.74	6.6	0.7
737.8	5.9	0.8
750.01	5.4	0.8
702.57	5.3	0.8
683.78	5.3	0.8
660.66	5.3	0.8
627.54	4.9	0.8
610.89	4.5	0.8
603.19	4.3	0.8
593	4.4	0.9
588.97	5.3	0.8
593.76	5.5	0.8
635.56	5.4	0.9
724.89	5.3	0.8
861.53	5.8	1
920.35	6.3	0.9
950.04	5.9	0.9
972.76	5.9	1
955.02	5.9	0.9
972.67	5.8	1
995.34	5.8	1
991.75	5.7	1.1
960.91	5.6	1.3
852.76	5.5	1.7
774.93	5.2	1.8
745.46	5.2	2.3
743.81	5	2.2
741.16	4.8	2
716.09	4.8	2.1
668.57	4.8	2.1
632.03	4.5	2.1
619.8	4.4	2
598.86	4.2	2.4
589.63	4.2	3.4
583.88	4.2	2.3
586.43	4.1	3.1
627.46	4.2	2.8
714.96	4.2	3
870.08	4.4	2.8
944.3	4.6	2.1
958.01	4.8	1.9
971.81	4.9	2
962.1	4.8	1.9
970.39	4.7	1.9
984.69	4.8	1.9
976.66	4.7	2.2
953.97	4.8	2
833.56	4.6	2.2
751.17	4.5	2.4
733.31	4.4	2.5
745.66	4.3	2.7
710.18	4.3	2.8
676.59	4.2	2.9
656.08	4.1	2.9
628.34	4.2	3
613.78	4.1	3.1
615.38	4.1	3.1
611.01	4	3.2
601.99	4	3.5
596.67	4	3.4
621.81	4	3.7
694.84	4.1	4.3
851.68	4.3	3.6
937.81	4.5	3.4
967.8	4.6	3.4
978.77	4.7	2.7
961.2	4.7	2.3
971.55	4.7	3
985.65	4.7	2.6
966.46	4.7	2.8
922.6	4.7	2.7
774.3	4.6	2.7
709.28	4.5	2.7
692.28	4.5	2.8
679.44	4.5	3.1
673.19	4.5	3.6
627.21	4.4	2.4
610.84	4.4	2.9
597.28	4.3	2.6
589.02	4.3	2.9
585.18	4.2	3
578.04	4.3	2.9
574.16	4.2	2.9
570.92	4.3	3
568.84	4.2	3.1
563.18	4.2	3.1
571.86	4.2	3
609.66	4.2	3
644.01	4.2	3
669.03	4.3	2.8
670.5	4.3	2.7
676.75	4.4	3
670.12	4.4	3.1
689.54	4.3	2.7
676.33	4.4	2.8
661.58	4.3	2.9
656.18	4.3	3
629.05	4.3	2.7
632.43	4.3	2.8
634.34	4.3	2.9
626.83	4.3	2.8
610.44	4.2	2.8
603.13	4.3	2.9
595.02	4.1	2.9
584.8	4.3	3.1
580.05	4.2	2.8
574.04	4.2	2.9
574.24	4.3	2.8
571.06	4.2	2.8
556.18	4.2	3.2
559.56	4.2	2.6
571.59	4.3	3.2
588.85	4.3	2.8
607.16	4.4	3.1
613.18	4.4	2.5
641.23	4.5	2.7
657.47	4.5	2.9
663.98	4.6	2.2
662.93	4.6	2.6
663.58	4.7	2.6
655.14	4.6	2.5
665.31	4.7	2.4
667.79	4.6	2.4
664.55	4.7	2.4
652.25	4.6	2.5
632.03	4.7	2.4
599.36	4.7	2.8
581.64	4.7	2.2
574.29	4.6	2.4
566.29	4.6	2.6
565.14	4.7	2.3
568.56	4.8	2.5
605.69	4.8	2.4
696.64	4.8	2.4
845.21	4.9	2.3
917.4	4.9	2.2
946.53	4.9	1.9
944.84	5.1	1.9
936.44	5	1.7
949.46	5.2	1.7
960.91	5	1.5
959.87	5.2	1.6
931.43	5.2	1.5
819.33	5.1	1.4
762.17	5.1	1.5
755.94	4.9	1.6
757.55	4.8	1.7
730.98	4.8	1.7
707.45	4.9	1.7
659.48	5.2	1.8
633.86	5.1	1.8
605.95	4.9	1.8
596.39	4.7	1.9
590.76	4.6	2.1
591.88	4.6	1.8
600.99	4.6	1.9
629.2	4.6	1.9
696.06	4.7	2
848	5.2	1.8
907.76	5.4	1.8
906.4	5.1	1.5
913.16	5.4	1.6
931.58	5.2	1.3
943.25	5.8	1.4
941.97	6.1	1.4
945.17	6	1.5
916.52	6	1.3
820.62	5.6	1.3
768.56	5.5	1.4
740.93	5.5	1.4
730.97	5.2	1.4
710.47	5.2	1.5
695.97	5.2	1.5
650.59	5	1.5
633.69	5.1	1.5
617.44	5	1.6
610.1	5.1	1.7
618.21	5.2	1.8
625.15	5.2	2
624	5.2	2.2
643.72	5.3	2
721.75	5.2	1.8
846.45	5.3	1.8
905.26	5.4	1.9
923.13	5.5	1.8
927.67	5.6	1.8
909.26	5.4	2
912.96	5.4	1.6
900.99	5.3	2
857.05	5.2	2.3
800.84	5	2.4
704.1	4.9	2.5
639.98	4.9	3.1
619.34	4.7	3
619.44	4.7	3.3
623.23	4.5	2.8
582.93	4.4	2.4
571.6	4.3	3.8
565.02	4.2	3.1
560.57	4.1	3.6
557.94	4.1	3.7
557.67	4	3.6
555.16	3.9	3.4
553.84	3.8	3.6
552.74	3.8	3.5
543.03	3.6	4
546.77	3.7	3.5
556.44	3.8	2.8
570.01	3.7	3.1
573.69	3.7	2.9
565.22	3.7	2.9
567.35	3.7	3
578	3.9	2.7
574.59	3.9	2.9
569.82	4	3
571.3	4	3.2
583.08	3.9	3
577.45	3.9	3.3
576.59	3.8	3.1
578.63	3.9	3.3
568.76	3.8	3.8
569.47	3.9	3.9
564.6	3.9	3.6
555.63	3.9	3.4
551.05	3.9	4.3
550.77	3.8	3.9
550	3.8	3.8
546.8	3.8	3.8
547.2	3.6	3.5
529.77	3.7	3.8
535.03	3.6	3
548.47	3.8	3.9
565.99	4	2.8
575.29	4.1	3
575.35	4.2	2.8
572.56	4.3	2.8
577.53	4.4	2.6
574.18	4.5	2.7
570.84	4.5	2.8
565.73	4.4	2.4
587.09	4.4	2.9
599.87	4.4	2.5
593.71	4.4	2.9
584.7	4.3	2.9
581.79	4.3	3
572.49	4.4	3.2
562.18	4.5	2.9
549.96	4.4	2.8
540.67	4.5	2.5
539.62	4.4	2.6
537.63	4.4	2.7
543.16	4.4	2.8
547.13	4.4	2.7
535.05	4.5	2.6
542	4.5	2.6
553.95	4.6	2.3
574.99	4.5	2.3
593.14	4.6	2
590.29	4.6	1.9
599.33	4.5	1.9
595.93	4.6	1.7
603.36	4.8	1.7
589.91	4.9	1.7
588.74	5	1.7
596.89	5	1.8
596.7	5	1.7
580.95	4.9	1.8
584.44	5	1.7
577.06	5.1	1.9
567.88	5.1	1.9
554.84	5.2	1.8
546.75	5.3	1.9
535.43	5.3	1.9
521.19	5.3	1.9
512.58	5.4	1.9
510.79	5.3	1.8
508.52	5.3	2
495.74	5.2	1.8
500.75	5.2	1.8
512.31	5.2	2
529	5.1	1.8
547.63	5.2	1.8
574.26	5.1	1.7
610.3	5.2	1.8
628.49	5.1	1.6
634.39	5.1	1.6
635.67	5.2	1.6
640.45	5	1.6
646.91	5	1.6
642.29	5	1.5
649.29	5	1.5
648.66	5.1	1.5
636.9	5.1	1.6
618.76	5.2	1.5
601.37	5.3	1.7
584.22	5	1.6
562.3	4.8	1.7
548.39	4.8	1.8
547.76	4.9	1.9
549.35	4.9	1.7
590.66	4.8	1.9
686.26	4.6	1.7
829.33	4.7	1.7
896.46	5.2	1.5
925.73	5	1.6
934.52	6.3	1.4
920.29	5.9	1.5
937.78	5.9	1.4
948.36	5.9	1.4
947.59	5.9	1.2
905.02	5.8	1.3
795.45	5.9	1.3
751.33	6	1.4
745.24	6	1.4
752.2	5.4	1.6
732.18	5	1.5
701.13	4.8	1.6
674.1	4.7	2.1
644.85	4.8	2.1
615	4.5	2.4
602.86	4.5	2.4
594	4.4	2.6
576.79	4.4	2.9
580.94	4.3	2.9
617.37	4.2	3.2
703.19	4.2	3
850.73	4.4	2.4
919.42	4.6	2.3
939.97	4.6	2.1
931.17	4.7	2.3
922.29	4.7	2
946.11	4.6	2.2
956.53	4.8	2.3
958.44	4.7	2.5
935.81	4.7	2.5
814.44	4.6	2.6
765.45	4.6	2.9
755.31	4.6	3
750.9	4.5	2.9
730.28	4.5	3.3
714.53	4.3	3.3
668.73	4.2	3.1
613.39	4.1	3.3
609.9	4.1	3.5
603.39	4	3.5
587.14	4	3.6
581.71	3.9	3.8
583.09	3.9	3.8
622.16	3.9	3.8
692.9	4	3.7
843.18	4	3.5
921.46	4.2	3.5
950.02	4.4	3.3
964.81	4.5	3.5
945.59	4.4	3
949.26	4.5	3
961.71	4.6	2.8
955.85	4.5	3.1
928.33	4.5	3
825.33	4.6	2.5
781.46	4.4	3.1
772.38	4.3	2.9
784.86	4.3	3.1
761.76	4.2	3
734.43	4	3.1
715.61	4.1	3
675.44	3.9	3.3
652.03	4	3.3
615.98	3.9	3.5
595.79	3.8	3.4
593.86	3.8	3.4
588.89	3.8	3.3
630	3.7	3.7
710.63	3.8	3.3
849.95	3.8	3
917.85	4.2	3
948.2	4.2	2.9
963.31	4.3	2.8
940.51	4.3	2.9
955.76	4.3	2.9
966.73	4.4	3
960.45	4.1	3.2
925.47	4.3	2.5
829.96	4.1	3.1
773.32	4	2.9
747.04	3.9	3.1
748.12	3.8	3
744.37	3.8	3.2
746.2	3.7	3.1
726.43	3.7	3
691.18	3.7	3.1
668.94	3.7	3
630.92	3.6	3.2
599.22	3.6	3.2
596.39	3.5	3.2
601.09	3.5	3.2
634.29	3.5	3.2
713.02	3.5	3.2
858.01	3.8	3
923.9	4	2.8
948.47	4.2	2.8
957.1	4.2	2.7
945.78	4.2	2.4
953.8	4.2	2.4
956.79	4.2	2.6
939.32	4.3	2.5
908	4.1	2.5
783.31	4.4	2.7
707.73	4	2.6
676.62	4	2.9
656.97	3.9	2.7
655.17	4	2.8
654.09	3.8	3.1
647.41	3.9	3.6
602.86	3.9	2.8
593.49	3.9	3.5
588.76	3.8	3.4
574.31	3.8	3.2
565.9	3.8	3
566.25	3.8	3
563.43	3.7	3.2
548.52	3.6	3.1
552.95	3.7	3.1
571.28	3.7	2.9
598.57	3.7	3.4
614.26	3.9	3.1
617.98	3.8	2.6
625.68	3.8	3.1
622.66	3.9	3.2
626.93	3.9	2.8
631.95	3.8	2.8
629.58	3.8	2.8
619.11	3.8	3.3
612.6	3.9	3.3
613.79	3.8	3.4
607.83	3.9	3.1
614.82	3.9	3.2
608.67	4	3.1
600.17	3.8	3.2
591.29	3.9	3.3
580.08	3.8	3.3
581.03	3.8	3.4
577.18	3.8	3.4
571.48	3.7	3.4
575.69	3.6	3.6
557.51	3.5	3.5
555.11	3.6	3
566.49	3.5	3
583.13	3.5	2.8
602.27	3.5	3.5
606.44	3.6	2.8
629.35	3.7	2.7
649.82	3.7	3.1
664.36	3.8	3.3
673.8	3.8	2.6
668.65	3.7	2.9
665.59	3.6	3.1
669.74	3.5	3.4
682.7	3.5	3
673.41	3.4	3.4
655.13	3.5	3.8
635.92	3.4	3.8
616.15	3.4	3.8
596.91	3.4	3.3
594.87	3.4	3.8
584.96	3.3	3.9
584.54	3.4	3.7
585.01	3.4	4.4
621.74	3.4	3.6
710.07	3.5	3.9
857.05	3.7	2.8
924.58	4	2.9
944.41	4.2	2.8
949.74	4.4	2.4
929.02	4.5	2.5
936.92	4.5	2.3
946.9	4.6	2.2
948.78	4.7	2.2
937.31	4.7	2.4
841.68	4.6	2.3
791.75	4.6	2.9
770.7	4.5	2.9
769.01	4.4	2.9
746.03	4.4	2.4
682.12	4.3	3.1
651.06	4.1	3.3
624.49	4.2	2.4
597.12	4	3.1
584.82	4	3.3
572.41	4	3.4
566.17	3.9	2.9
564.13	3.9	3
602.32	3.9	3.2
695.88	3.9	3.5
835.4	4.2	2.4
899.13	4.4	2.5
923.22	4.6	2.2
928.29	4.7	2.2
920.97	4.7	2
933.69	4.7	2.1
935.37	4.9	1.7
933.17	4.8	1.9
908.11	4.8	1.8
800.83	4.7	1.9
743.38	4.7	2
722.21	4.6	1.9
730.13	4.6	2.2
727.98	4.6	2.3
693.42	4.6	2.5
654.69	4.7	2.8
627.18	4.7	2.9
610.64	4.6	2.9
597.43	4.7	2.9
583.44	4.6	2.8
578.73	4.6	2.4
574.71	4.7	2.3
600.46	4.6	2.5
689.22	4.7	2.3
832.95	4.9	2.3
898.17	4.6	2.1
938.53	4.9	2.1
953.11	4.8	1.9
938.36	5	1.8
942.98	5.9	1.7
950.68	5.7	1.6
946.01	5.9	1.7
911.45	5.9	1.7
800.19	5.9	1.8
766.54	4.9	1.9
754.35	4.8	1.8
765.69	5	1.9
760.06	5	1.8
745.32	4.5	1.8
700.13	4.6	2
644.27	4.6	2.1
634.04	4.8	2
611.2	4.7	2.6
598.86	4.6	2.6
590.72	4.7	2.7
590.67	4.6	2.9
625.93	4.3	2.8
703.08	4.3	2.6
844.14	4.5	2.5
906.78	4.5	2.3
934.4	4.6	2.5
932.51	4.7	2.3
914.29	4.5	1.9
927.35	4.5	2.1
948.41	4.7	2.5
938.59	4.6	2.3
900.92	4.7	2.6
791.89	4.5	2.6
746.82	4.3	2.9
739.16	4.4	3.1
739.4	4.2	3.1
725.09	4.3	3.1
707.59	4	3
688.03	4	3
657.82	4	3.1
641.05	3.8	3.2
632.58	3.8	3.3
616.23	3.7	3.4
602.76	3.7	3.5
599.31	3.6	3.5
650.29	3.5	3.5
715.46	3.5	3.6
839.89	3.5	3.6
891.07	3.6	3.7
908.68	3.8	3.6
914.7	3.7	3.4
896.8	3.8	3.8
908.14	3.9	3.9
925.12	3.8	4.1
917.51	3.9	3.9
880.38	4	3.7
743.86	4	3.8
667.98	3.7	3.9
651.67	3.6	3.3
650.22	3.5	3.7
651.77	3.5	3.6
649.26	3.4	4
640.28	3.5	3.9
623.26	3.5	4.1
571.78	3.4	4.2
557.79	3.4	4.7
555.86	3.4	4.8
552.65	3.4	4.8
548.64	3.4	4.7
543.76	3.3	4.8
528.3	3.4	4.8
533.46	3.4	3.5
558.52	3.4	4.1
572.95	3.6	3.7
585.44	3.7	3.5
600.48	3.8	3.5
616.62	4	3.1
621.83	4	3.3
622.07	4.1	3.1
624.75	4	3.5
627.38	4	3.3
616.57	3.9	3.7
613.09	3.9	3.4
622.35	3.8	3.4
626.64	3.9	4.2
622.29	3.8	3.8
603.55	3.9	3.9
580.25	3.9	3.5
577.28	3.8	4.5
573.36	3.9	3.9
568.57	3.9	4.6
564.18	3.9	4.2
561.67	3.9	4.2
553.02	3.9	4.4
534.57	3.9	4.3
536.11	3.9	2.8
541.52	3.9	3.1
573.09	4.2	3.3
581.38	4.4	2.8
598.27	4.4	2.7
611.33	4.6	2.6
610.96	4.4	2.5
609.88	4.3	2.5
619.23	4.5	2.3
617.68	4.6	2.7
639.01	4.3	2.5
644.23	4.4	2.5
651.87	4.2	2.9
644.87	4.1	2.7
633.07	4.1	2.9
610.72	4.1	2.9
601.09	4.1	2.6
596.85	4.5	3.4
582.84	4.5	3.4
578.54	4.3	3.6
587.14	3.9	3.6
595.09	3.8	3.7
639.59	3.8	3.9
718.91	3.8	4.3
832.44	3.9	4
890.03	4.1	3.7
909.61	4.3	2.9
917.53	4.2	3.8
913.69	4.2	3.8
931.96	4.4	3.6
941.04	4.4	3.7
922.86	4.3	3.6
899.02	4.3	3.8
783.26	4.2	4.1
731.17	3.9	4.2
728.31	3.8	4.4
716.16	3.7	4.4
707.01	3.6	4.4
696.89	3.6	4.5
659.31	3.5	4.5
627.32	3.5	4.7
610.3	3.4	4.7
589.7	3.3	4.8
582.53	3.4	4.9
580.69	3.3	4.9
574.58	3.3	5
617.81	3.3	5
694.93	3.3	4.9
834.95	3.5	4.9
902.07	3.5	4.5
931.45	3.5	4.5
935.23	3.6	4
929.35	3.9	3.9
947.23	4	3.7
948.24	4	3.7
931.19	3.9	3.9
887.98	4	3.6
781.86	3.7	3.5
723.05	3.6	3.9
712.06	3.5	3.8
704.13	3.5	4.2
697	3.5	3.9
691.75	3.4	4.2
658.42	3.5	4.1
625.57	3.3	4.3
616.59	3.2	4.3
612.54	3.3	4.4
602.66	3.2	4.3
604.49	3.2	4.5
610.86	3.3	4.4
648.04	3.2	4.5
712.86	3.3	4.5
839.33	3.4	3.6
894.73	3.6	4
937.34	3.7	3.7
941.3	3.9	3.4
927.68	4.1	3.4
937.85	4.2	3.4
934.17	4.5	3.4
918.19	4.5	3.3
888.31	4.3	3.7
760.82	3.7	3.4
725.37	3.7	2.8
701.54	4.1	3.5
697.16	4	3.4
688.15	3.8	3.9
678.24	3.7	3.4
626.52	3.6	4.2
615.58	3.6	3.9
601.64	3.4	3.9
596.03	3.4	3.7
590.39	3.3	3.8
587.33	3.2	4.3
593.87	3.3	4.2
617.54	3.4	4.4
639.14	3.3	4.4
754.59	3.4	3.4
827.59	3.5	3.9
852.03	4	3.3
856.76	4.1	3.1
842.98	4.2	3.1
869.03	4.2	2.9
888.6	4.2	2.7
879.21	4.3	2.9
828.73	4.2	2.7
707.71	4.2	2.8
649.14	4	3.5
625.54	3.9	2.9
620.57	3.8	3.3
625.4	3.8	3.7
633.04	3.8	3.3
611.14	3.8	3.7
595.83	4.1	2.9
593.86	4.1	3.5
588.19	4.2	3.6
587.77	4.1	3
588.39	4	3.4
587.84	3.9	4.4
617.89	4	3.3
643.24	3.8	3.2
752.27	4	3
826.71	4.2	3.2
855.51	4.1	3.5
870.12	4.2	3.5
851.13	4.1	3.8
858.84	4	4
850.61	4.1	3.8
844.89	3.7	3.8
787.43	3.6	3.8
670.95	3.6	4.1
625.03	3.3	4.3
609.82	3	4.6
597.64	3	4.7
593.09	2.8	4.8
585.76	3	4.9
583.11	2.8	4.9
577.79	2.9	4.9
574.12	2.9	5.1
570.05	2.8	5.2
567.91	2.7	5.3
565.06	2.7	5.4
565.11	2.5	5.4
560.81	2.4	5.5
543.18	2.6	5.4
556.12	2.7	5.4
565.18	2.7	5.4
574.25	2.7	5.3
592.88	2.7	5.1
611.09	2.9	5.2
604.31	3.1	5.1
604.99	3.1	5.2
606.2	2.9	5.1
601.92	3.1	5.1
599.59	3	5.1
588.45	3.1	5.1
586.44	3.1	5.2
579.02	3	5.1
572.32	3	5.1
570.77	3	5.2
571.52	3.1	5.1
566.94	3.2	5.1
562.73	3.1	5.1
562.12	3.1	5.1
557.7	3.2	5.1
559.47	3.2	5.1
558.9	3.2	5
556.84	3.1	5.1
545.97	3.2	5.1
541.48	3.2	5.1
548.53	3.3	5.2
568.7	3.3	5
585.38	3.3	5
594.24	3.3	4.9
586.57	3.4	4.5
593.11	3.3	4.2
598.17	3.2	4.3
601.77	3.1	4.2
604.45	3.2	4.2
588.62	3.2	4.3
587.59	3.1	4.2
588.13	3.1	4.2
585.07	3.1	4.2
579.52	3.1	4.3
572.22	3.1	4.3
560.32	3	4.2
557.52	2.8	4.3
552.36	2.7	4.3
545.19	2.6	4.3
535.81	2.6	4.5
539.79	2.6	4.5
555.68	2.6	4.5
587.94	2.7	4.5
671.57	2.7	5
756.85	3	5.3
794.26	3.3	5.4
822.8	3.4	5.2
800.46	3.4	4.9
827.55	3.3	4.8
833.68	3.3	4.6
833.21	3.4	4.5
784.05	3.6	4.5
676.62	3.8	4.5
616.15	3.7	4.7
610.17	3.6	4.6
614.85	3.5	4.7
613.14	3.6	4.7
601.35	3.6	4.6
592.15	3.6	4.7
572.92	3.6	4.6
566.52	3.4	4.8
557.19	3.3	4.8
556.72	3.3	4.8
550.25	3.3	4.8
555.29	3.3	4.9
577	3.3	5
602.82	3.3	5.1
699.69	3.3	5.2
754.46	3.3	5
795.23	3.3	4.7
797.94	3.3	4.7
789.84	3.3	4.5
811.56	3.4	4.5
809.89	3.5	4.4
793.47	3.7	4.4
749.26	3.7	4.4
653.88	3.7	4.6
607.34	3.3	4.8
599.77	3.3	5
600.5	3.3	5
600.11	3.3	5.1
598.57	3.2	4.9
591.57	3.3	5.1
579.02	3.3	5.1
569.9	3.4	5.1
564.27	3.4	5
563.26	3.4	5.2
571.42	3.4	5.1
574.35	3.3	5.3
584.66	3.4	5.4
606.29	3.4	5.4
702.6	3.4	5.3
750.58	3.3	5
780.68	3.2	4.8
769.88	3.5	4.7
758.79	3.6	4
767.43	3.6	4.5
711.69	3.6	4.4
688.26	3.8	4.3
628.47	3.7	4.3
570.42	3.5	4.3
537.66	3.6	4.5
512.83	3.5	4.5
515.42	3.5	4.4
514.01	3.6	4.5
511.89	3.5	4.5
505.64	3.5	4.8
491.83	3.4	4.7
484.94	3.4	4.8
479	3.4	4.8
477.17	3.4	4.8
477.06	3.4	5.2
476.32	3.4	5.1
476.4	3.3	5.2
472.01	3.3	5.3
487.16	3.3	5.3
520.81	3.3	5
560.95	3.5	4.9
594.02	3.9	4.4
592.65	4	4.3
598.1	4	4.4
588.49	3.9	4.4
585.56	3.8	4.5
582.45	3.7	4.7
567.39	3.1	5
555.03	3	5.1
550.04	3.4	5.1
554.29	3.4	5.2
547.73	3.2	5.3
548.02	3.2	5.4
544.05	3.2	5.6
542.4	2.9	5.7
528.22	3.1	5.7
521.42	3	5.9
516.68	2.8	5.9
513.95	2.5	6
513.62	2.7	6.3
508.9	2.4	6
485.14	2.1	5.9
489.03	1.9	5.8
508.68	1.9	6.1
536.15	2.3	6
561.23	2.4	5.9
554.46	2.4	5.7
554.97	2.8	5.7
550.51	2.8	5.7
546.57	2.9	5.8
530.63	2.9	5.8
514.34	3.1	5.8
506.07	2.8	5.9
507.6	2.8	6
509.21	2.8	6.1
507.52	2.9	5.9
507.76	2.8	6
495.06	1.3	4.3
489.04	0	3.6
493.84	0	3.3
498.64	0.1	4.4
493.56	0.4	5.8
491.99	1	5.4
487.01	1.5	5.4
483.68	1.5	5.4
469.25	1.7	5.6
392.08	1.7	5.8
571.18	1.9	5.7
605.21	2	5.4
429.42	2	5.3
403.29	2	5.2
587.56	1.8	5.2
634.19	2	4.9
469.69	2	5
419.39	2.2	5.6
405.81	2.4	5.6
408.93	2.2	5.7
399.74	2.2	5.6
402.66	2.2	5.7
402.18	2.2	5.8
402.54	2.2	5.8
397.39	2.1	5.8
393.65	2.1	5.8
394.63	2.2	5.9
394.59	2.2	5.8
392.44	2.2	5.8
393.81	2.1	5.9
393.41	2.2	5.9
392.36	2.1	5.9
375.83	2.1	5.9
374.32	2.2	5.7
375.18	2.4	5.5
379.23	2.4	5.2
390.72	2.3	5.1
393.92	2.2	4.7
398.29	2.3	4.4
398.12	2.4	4.6
395.47	2.5	4.6
396.91	2.5	4.6
402.55	2.5	4.6
424.15	2.5	4.8
426.74	2.5	4.9
431.38	2.6	5
435.45	2.5	5
427.37	2.6	5
417.8	2.4	5
416.01	2.4	5.1
415.63	2.3	5
418.62	2.3	5
415.42	2.4	5.2
414.95	2.5	5.2
414.79	2.5	5.3
413.53	2.6	5.3
397.59	2.5	5.2
397.01	2.5	5.2
402.72	2.6	5
411	2.6	4.5
416.94	2.6	4.2
417.37	2.8	4
420.25	2.7	4
428.07	2.6	4
428.83	2.6	3.7
415.38	2.7	3.7
409.86	2.7	3.8
426.1	2.6	4
435.43	2.6	3.9
429.47	2.6	4.1
428.52	2.7	4.1
432.18	2.7	4.3
426.23	2.9	4.4
423.26	3	4.4
419.26	3	4.4
418.17	3	4.3
418.4	3	4.4
416.98	3	4.4
416.91	2.9	4.4
415.6	2.8	4.5
398.77	2.9	4.5
402.55	2.9	4.4
414.89	3	4
440.4	3.1	3.1
454.03	2.8	3.5
449.76	2.6	3.4
452.56	2.6	3.2
453.16	2.7	3.1
450.44	2.7	3.1
444.94	2.6	3
437.8	2.5	3
438.97	2.6	3.2
428.59	2.5	3.2
437.61	2.6	3.7
437.84	2.6	3.8
433.08	2.7	3.7
428.25	2.7	3.7
422.68	2.7	3.5
420.98	2.7	4
421.02	2.8	4.1
421.36	2.8	3.8
422.47	2.8	3.6
419.1	2.9	4.3
417.72	2.9	4
405.06	2.9	4
408.57	2.8	4.3
428.29	3.1	4.3
464.62	3.7	4.1
492.7	4.3	2.9
478.94	4.1	3.3
471.52	4	3.7
481.26	4.1	3.3
472.69	4.2	3.4
456.02	4.1	3.8
447.84	4.2	3.8
445.42	4.2	4.1
433.71	4	3.6
433.27	4	3.8
436.24	4	3.8
433.91	3.9	4.1
429.25	3.9	3.9
421.15	3.7	4.1
416.48	3.7	4.1
414.98	3.6	4.1
415.18	3.6	4.1
411.92	3.5	4.2
411.58	3.6	4.1
410.09	3.8	4.1
397.66	3.7	4.3
401.74	3.7	3.9
418.95	3.7	3.7
443.55	4	4
475.45	4.2	3.8
468.5	4.2	3.5
468.91	4.2	3.4
469.39	4.3	3.5
469.29	4.1	3.4
459.69	4.2	3.5
452.1	4.2	3.4
451.68	4	3.5
438.1	4.2	3.5
432.22	4.1	3.4
434.22	4.2	3.4
434.8	4.2	3.8
434.34	4.2	3.5
429.3	4.3	3.5
427.83	4.2	3.5
423.53	4.2	3.8
418.2	4.2	3.2
418.73	4.4	3.8
417.71	4.3	3.5
416.67	4.4	3.6
404.27	4.3	3.8
404.75	4.1	3.9
437.91	4.1	3.1
466.85	4.2	3.5
485.91	4.2	3.2
488.73	4.3	3
485.4	4.3	3
486.38	4.2	2.8
485.9	4.4	2.9
469.33	4.3	2.7
462.53	4.3	2.8
460.94	4.3	2.9
452.93	4.4	3
453.69	4.4	2.8
458.74	4.4	3.1
451.73	4.4	3
443.44	4.4	2.9
437.51	4.4	2.9
432.98	4.5	3.1
426.77	4.5	3.7
423.9	4.3	3.1
421.83	4.3	4
421.78	4.3	3.5
421.45	4.2	4.1
410.1	4	4.2
405.39	4	4.4
410	4	4.5
422.39	3.9	4.3
427.77	4	4
430.3	3.9	4.4
431.9	3.9	4.2
437.79	3.8	4
449.12	3.9	4.6
451.85	3.8	4.5
451.84	3.8	4.5
442.31	3.9	4.5
434.98	3.8	4.6
436.75	3.8	4.5
432.89	3.7	4.5
433.87	3.7	4.6
434.01	3.7	4.5
429.71	3.8	4.6
426.44	3.7	4.7
425.54	3.7	4.7
426.12	3.7	4.8
427.22	3.6	4.9
425.43	3.6	4.8
422.45	3.5	4.8
413.03	3.5	4.8
407.22	3.5	4.9
407.16	3.5	4.9
414.48	3.6	4.9
416.55	3.4	4.8
415.79	3.6	4.6
418.14	3.7	4.2
429.78	3.8	4.1
432.62	3.8	4.6
433.94	3.9	4.5
433.33	3.8	3.8
435.79	3.8	4.4
431.14	3.8	4.8
431.59	3.7	4.2
435.44	3.8	4.4
435.74	3.8	4.7
433.27	3.7	4.7
427.45	3.7	4.7
427.84	3.6	4.7
430.64	3.7	4.7
429.69	3.6	4.8
430.53	3.6	4.7
427.87	3.5	4.8
427.62	3.5	4.8
417.54	3.5	4.8
412.34	3.5	4.9
415.27	3.5	4.8
428.49	3.6	4.7
431.49	3.7	4.6
434.72	3.7	4.5
434.4	3.8	4.4
438.99	3.8	4.1
446.03	3.8	4.6
444.18	3.8	3.9
446.38	3.7	4.1
441.17	3.7	4.5
439.77	3.6	4.7
445.99	3.6	4.4
448.89	3.7	4.7
438.24	3.6	4.7
437.42	3.6	4.5
433.23	3.7	4.5
430.59	3.5	4.4
426.17	3.7	4.6
423.69	3.7	4.6
423.52	3.7	4.7
436.72	3.7	4.5
493.07	3.6	4.6
526.52	3.7	4.5
623.92	3.9	4.5
701.05	3.9	4.2
729.9	4	4.4
749.29	4.1	4.2
741.11	4.1	4.3
749.17	4.1	4
754.14	4.2	3.9
742.06	4.2	4.3
723.84	4.4	3.8
619.44	4.2	3.7
571.08	4.3	4.5
555.13	4	4
551.89	3.9	4.3
545.8	3.9	4.1
541.02	4	4.1
536.18	4.1	3.8
536.32	4.2	4.4
532.67	4.1	3.8
531.36	4.1	4
533.26	4.2	3.7
531.11	4.2	3.7
535.65	4.4	3.9
553.8	4.3	3.3
581.17	4.1	3.8
657.32	4.3	3.5
716.97	4.3	3.8
764.62	4.5	3.2
769.1	4.5	3.2
751.2	4.4	3
774.84	4.6	3
773.22	4.8	2.8
753.67	4.8	2.7
723.39	4.7	2.7
616.45	4.4	2.6
570.54	4.4	2.6
560.27	4.4	2.6
561.72	4.5	2.7
562.22	4.5	2.7
552.67	4.5	2.6
531.65	4.8	3.2
525.57	4.6	2.9
528.97	4.4	3.7
522.62	4.6	3.4
522.39	4.5	3.3
526.43	4.4	3.9
531.97	4.3	3.6
535.19	4.5	3.9
555.71	4.5	4.3
645.49	5	3.8
714.84	4.9	4.2
759.99	4.9	3.9
763.89	5	4.1
755.98	4.9	3.7
770	4.9	3.7
763.05	5	3.5
749.68	4.9	3.9
726.88	4.9	4.4
621.05	4.8	3.6
557.83	4.6	3.7
549.45	4.5	4.6
547.12	4.6	4.2
537.67	4.5	4.2
534.7	4.4	4.3
529	4.4	4.2
529.17	4.4	3.8
533.49	4.3	4.8
541.04	4.4	4.5
539.54	4.3	4.3
535.91	4.3	4.4
536.24	4.3	4.4
544.24	4.4	4.4
568.1	4.3	4.4
637.46	4.2	4
687.14	3.5	3.6
727.95	2.1	3.6
753.81	3.4	3.9
755.39	4.4	3.3
769.48	4.4	3.8
766.21	4.6	3.9
748.96	4.5	3.8
713.78	4.5	4
618.74	4.5	4.2
556.5	4.4	4.4
537.68	4.3	4.1
537.36	4.3	4
537.03	4.3	4.2
527.77	4.3	4.3
515.61	4.2	4.8
497.72	4.3	4.2
487.17	4.2	4.5
480.96	4.2	4.4
475.9	4.1	4.4
472.72	4.2	4.4
469.72	4.1	4.7
468.4	4	4.2
460.32	4.1	4.4
453.25	4.1	4.4
473.95	4.1	4.4
485.59	4	4.7
510.68	4.1	4.4
518.19	4.2	4.4
514.62	4.2	4.5
509.67	4.1	4.4
514.19	4.2	4.8
509.59	4.2	4.9
520.16	4	4.7
524.44	4.2	4.6
518.91	4.1	4.5
516.91	4.2	4.7
511.92	4.1	4.6
510.42	4.2	4.5
506.92	4.1	4.3
491.04	4.1	4.6
478.72	4.2	4.8
464.03	4.1	5.3
460.2	4.2	4.7
457.49	4.1	4.8
457.17	4.1	5.2
456.24	4.2	4.9
444.01	4	4.5
437.43	4.1	4.6
442.73	4.2	4
458.84	4.2	4.1
478.11	4.1	4
493.98	4.2	4
492.39	4.4	4
503.3	4.4	4
502.59	4.4	4.3
497.62	4.6	4.4
488.19	4.5	4.5
500.46	4.5	3.7
502.75	4.3	4.2
504.49	4.2	4.3
501.63	4.2	4.6
487.84	4.2	4.7
464.11	4.4	4.9
458.79	4.2	5
453.15	4.2	4.2
446.34	4.2	4.6
447.43	4.1	5.1
446.21	4.2	5.1
450.62	4.2	5
483.07	4.1	5
524.7	4.2	5.1
642.04	4.1	4.3
695.82	4.2	3.6
737.48	4.4	3.7
751.98	4.6	3.6
727.18	4.7	3.4
747.71	4.4	3.3
751.71	4.4	3.2
752.72	4.4	3.2
724.02	4.7	3
624.81	4.6	3.2
573.06	4.3	3.3
554.05	4.3	3.6
561.23	4.5	3.6
562.33	4.6	4.2
556.86	4.7	4.2
542.94	4.6	4.8
526.56	4.6	4.5
508.42	4.6	4.5
495.3	4.5	4.6
491.71	4.5	4.6
487.51	4.6	4.6
491.29	4.4	4.2
522.71	4.4	4
545.93	4.5	5.1
650.45	4.5	3
736.06	4.7	3.5
778.13	4.6	3.2
790.37	4.5	3
778.26	4.7	3.1
782.53	4.8	2.9
781.62	5.1	2.8
762.38	5.1	2.8
725.51	5.1	2.7
610.76	4.9	2.8
566.44	4.5	3
556.84	4.5	3.6
555.18	4.7	3.2
553.35	4.8	3.8
543	4.6	3.4
531.79	4.7	3.8
517.85	4.6	3.8
510.61	4.6	3.3
504.53	4.4	3.9
500.84	4.5	3.8
501.07	4.4	3.9
506.29	4.3	4.1
539.65	4.4	4.7
564.11	4.5	4.6
660.7	4.5	2.9
723.95	4.6	3.5
753.06	4.4	3.2
765.88	4.6	3
761.84	5	2.9
771.96	5.1	2.8
773.36	4.9	2.7
768.57	4.8	2.5
741.25	4.9	2.5
626.64	4.9	2.5
588.54	4.9	2.7
575.54	5	2.8
568.8	4.9	3
572.33	4.7	3.3
557.93	4.4	3
549.96	4.4	3.2
545.46	4.4	2.9
532.35	4.4	3
520.17	4.3	3.4
510.53	4.4	3.3
510.67	4.3	3.4
509.18	4.4	3.2
534	4.5	3.2
561.79	4.4	3.3
663.79	4.4	3
724.48	4.4	2.9
751.65	4.8	2.6
749.88	4.9	2.5
735.06	4.9	2.6
755.95	4.9	2.5
757.54	5.1	2.4
757.71	4.9	1.9
732.57	4.4	2
635.34	5.6	2
590.08	5.7	2.2
573.8	5.9	2.6
571.88	5.6	2.6
568.16	5.4	2.8
558.05	5.3	3
545.22	5	3.4
532.38	4.8	3.8
522.38	4.8	3.9
512.85	4.7	3.7
504.16	4.6	4.7
504.74	4.6	4.3
511.44	4.6	4.3
545.46	4.6	4.6
562.53	4.7	4.5
668.62	4.8	3.4
731.78	5	3.2
764.62	5	3.5
760.9	5.2	3.4
748.09	5.2	3.5
771.12	5.2	3.3
784.65	5.3	3.3
771.41	5.4	3.3
729.89	5.3	3.8
612.76	5.2	4.1
578.38	5.1	3.7
566.31	4.4	3.9
552.07	4.1	4
552.3	4.1	4
545.37	3.9	4.2
528.51	4	4.2
511.28	4	4.4
512.12	3.8	4.1
513.48	3.7	4.3
507.26	3.7	4.5
507.82	3.7	4.4
507.72	3.7	5.1
509.02	3.5	4.9
499.06	3.5	5.1
503.5	3.5	4.2
503.55	3.6	4.6
522.24	4.1	4.8
528.17	4.1	4.2
530.42	4.3	4.2
530.46	4.3	4.1
535.97	4.3	3.9
534.29	4.4	4.1
527.31	4.1	3.8
516.98	4.2	4.4
524.07	4.1	3.8
520.42	4.1	4.6
514.99	4.2	4.2
509.88	4.1	4.7
508.2	4.1	4.2
498.74	4	4.2
496.62	4.1	3.9
485.93	4	4.3
477.98	4	3.8
475.98	4.1	4.4
477.68	4	4
477.07	4	4.4
485.7	4	3.7
477.06	4.2	4.1
474.6	4.3	4.6
486.02	4.5	4.1
494.94	4.4	3.7
501.51	4.2	3.7
506.92	4.3	3.3
520.1	4.3	3.4
519.73	4.4	3.3
514.46	4.5	3.1
503.29	4.6	3.3
497.5	4.8	2.9
511.3	4.7	3.4
508.68	4.8	3
519.84	4.8	3.4
528.97	4.8	3.2
518.49	4.8	3.1
510.41	4.9	3.1
493.13	4.8	3.3
485.58	4.8	2.9
482.84	4.8	3.2
478.67	4.8	3.1
480.42	4.9	3.4
489.43	4.8	3
529.04	4.7	3.1
609.78	4.7	3
742.39	4.7	2.8
794.81	5.2	2.5
725.06	5.6	2.3
725.06	6	2.4
725.06	6.1	2.3
725.06	5.9	2.2
834.19	5.6	2.2
833.83	5.7	2
807.51	5.7	2.1
702.23	6.1	2.2
654.01	6.3	2.3
640.47	6.3	2.5
631.99	6.1	2.6
604.55	5.8	2.8
567.14	5.7	3
545.61	5.7	2.9
515.18	5.7	3.1
502.69	5.6	3.2
498.59	5.6	3.2
498.74	5.6	3.4
498.89	5.4	3.2
503.85	5.6	2.9
530.29	5.6	3.4
594.2	5.7	2.7
718.5	6	2.9
792.11	6.1	2.5
826.19	5.7	2.4
819.24	5.5	2.3
815.12	5.9	2.2
830.34	6.1	2.1
840.86	5.9	2.2
826.38	5.7	1.9
789.09	5.7	2
698.98	5.8	1.9
642.95	5.8	1.9
633.39	5.8	2.1
636.64	5.9	2.2
604.18	5.8	2.3
590.95	5.9	2.4
588.05	5.6	2.4
560.05	5.5	2.4
543.45	5.7	2.5
542.36	6.1	2.5
533.55	6.3	2.6
529.96	6.1	2.5
531.13	6.3	2.5
560.81	6.5	2.5
644.8	6.5	2.5
751.33	6.6	2.5
811.42	6.2	2.3
842.14	5.9	2.1
850.53	6.3	1.9
841.37	6.4	1.9
849.67	6.5	2
857.42	6.3	1.9
843.75	6.5	1.8
810.63	6.2	1.9
691.77	6.3	1.9
643.07	6.3	2
636.14	6.3	2
636.03	6.1	2
633.93	6.3	2
589.41	5.9	2.1
544.29	6.2	2.2
532.46	6.5	2.2
516.64	6.6	2.5
510.36	6.4	2.4
508.54	6.4	2.5
507.46	6.3	2.7
513.87	6.2	2.8
559.96	6.2	2.7
646.38	6.2	2.6
757.98	5.6	2.5
811.33	5.8	2.4
835.47	6	2.2
849.8	6.1	2
853.57	6.6	2.1
871.73	6.6	1.9
871.12	6.6	1.8
869.65	6.6	1.8
829.32	6.4	1.7
699.43	6.5	1.9
640.16	6.5	2
615.14	6.2	2
624.05	5.9	2.2
627.02	5.8	2.2
600.63	5.8	2.2
571.35	5.8	2.2
552.01	6.1	2.2
543.24	6.3	2.3
520.19	6.5	2.3
513.44	6.4	2.4
510.96	6.4	2.4
512.89	6.3	2.5
554.91	6.3	2.4
650.66	6.4	2.4
760.46	6.1	2.3
831.26	5.8	2.1
874.09	6	1.9
884.89	6.3	1.9
862.43	6.4	1.9
870.45	6.5	1.8
861.22	6.3	1.7
845.46	6.2	2
804.56	5.6	2.5
665.3	5.6	3.1
596.13	5.4	2.8
566.73	5.3	3.1
559.3	4.6	3.3
551.04	0	0.5
521.52	0	0.1
504.66	0	0
495.3	0	0
494.81	0	0.1
503.59	0	2.7
500.34	0	2.4
492.39	0	2.1
494.45	0	1.9
493.89	0	2.1
487.77	1.8	2.2
482.61	3.2	2.4
510.59	3.8	3
524.8	4.8	3
535.26	4.2	3.4
539.3	5.4	3.1
553.04	5.2	3.2
555.94	5.2	3.3
564.26	5.2	3.3
558.41	5.2	3.3
543.21	5.1	3.4
545.53	5.1	3.3
543.97	5.1	3.4
544.1	5	3.7
532.35	5	3.5
527.46	4.9	3.8
522	4.9	4
511.8	4.7	3.8
506.6	4.7	4.1
499.66	4.7	4.8
499.97	4.5	4.4
501.22	4.6	4.1
501.62	4.3	4.2
499.41	4.3	4.2
486.77	4.3	4.4
489.4	4.3	4
500.35	4.4	4.1
515.42	4.6	3.8
535	4.7	3.9
552.36	4.8	3.7
552.66	4.9	3.5
560.5	5	3.7
558.98	5	3.4
556.55	5.2	3.4
546.3	5	3.5
555.68	5.1	4.3
556.71	5	3.7
561.7	5	3.5
559.83	4.8	3.7
542.39	4.7	3.9
527.94	4.6	3.8
514.84	4.6	4.1
502.59	4.4	3.8
499.46	4.3	4.5
496.99	4.3	4.5
498.85	4.5	5.1
500.16	4.3	3.8
537.76	4.2	4.4
626.96	4.3	4.5
756.8	4.6	3.8
825.74	4.9	3.8
859.55	5.2	3.3
877.93	5.4	3.3
878.62	5.5	3.1
892.08	5.6	3
905.99	5.6	2.9
887.47	5.8	2.8
836.91	5.7	2.9
713.54	5.6	2.8
681.81	5.5	3.3
678.07	5.3	3.2
684.38	5.4	3.5
674.29	5.2	3.3
626.94	5.1	4
588.5	5.1	3.6
563.38	5	4
550.18	5	3.8
533.33	4.9	4.6
526.21	4.9	3.9
523.59	4.9	3.6
522.14	4.8	4.4
565.26	4.9	4
651.15	5	3.8
791.86	5.2	4.3
848.89	5.3	2.9
870.78	5.6	3.6
870.58	5.7	2.6
867.96	5.8	3
883.18	5.9	2.7
893.49	6	2.7
887.08	6	2.5
852.38	6	2.6
732.9	6.1	2.7
659.04	5.9	2.9
651.01	5.7	3.6
650.73	5.5	3.4
629.86	5.5	3.5
593.59	5.4	3.5
556.38	5.4	3.5
541.72	5.4	3.3
518.83	5.4	3.7
508	5.4	3.7
508.11	5.5	3.6
505.98	5.4	3.7
508.98	5.4	3.4
554.3	5.4	3.8
636.56	5.5	3.7
744.86	5.7	3.6
825.02	6	3
862.15	6.2	2.7
875.52	6.3	2.6
856.94	6.2	2.9
866.5	6.4	2.4
885.59	6.3	2.7
871.81	6.4	2.7
830.92	6.3	2.6
739.54	6.3	2.6
690.4	6.1	3.2
669.5	6	3.1
662.78	5.2	3.4
641.65	5.1	3.7
599.01	5	3.8
581.68	5.1	4.2
556.54	4.9	4.4
531.43	4.9	4.5
524.34	4.6	4.5
525.71	4.7	4.5
517.5	4.4	4.6
522.46	4.5	4.4
562.86	4.4	4.7
634.35	4.3	4.8
761.08	4.6	4.2
837.01	4.8	3.7
877.67	4.9	3.6
875.24	4.9	3.6
865	5	3.8
876.46	5.1	3.7
891.6	5.2	3.4
881.43	5.2	3.5
836.13	5.3	3.7
718.25	5.2	4.2
671.66	5.1	4.2
656.67	4.5	4.3
659.24	4.4	4.1
637.65	4.6	4.2
591.69	4.4	4.4
566.75	4.5	4.4
552.36	4.5	4.5
538.28	4.5	4.6
527.87	4.4	4.5
519.2	4.3	4.6
519.82	4.3	4.6
529.07	4.3	4.7
568.43	4.3	4.6
639.69	4.4	4.6
751.88	4.5	3.6
836.4	4.8	3.7
869.28	5.2	3.4
876.47	5.2	3.4
847.99	5.3	3.2
866.06	5.4	3.4
886.67	5.4	3.1
871.65	5.1	3
822.13	5.2	3.1
673.42	5.2	3
623.75	5.1	3.5
610.36	5	3.7
604.76	5	3.5
600.27	4.9	3.6
565.52	4.8	3.6
546.31	4.7	4.4
534.5	4.7	3.8
520.45	4.7	4.3
507.78	4.8	3.9
507.65	4.7	3.9
505.87	4.8	4.5
506.5	4.7	4.3
504.78	4.8	4
494.03	4.7	4
493.96	4.9	3.4
509.13	5.1	3.7
534.01	5.2	3.5
541.91	5.3	3.2
540.82	5.4	3.2
549.16	5.4	2.9
559.4	5.3	3.1
562.17	5.1	3
554.83	5.1	3
546.76	5	2.9
546.6	5.2	3.1
535.67	5.2	3
524.62	5.2	3.3
521.71	5.1	3.1
523.05	5.4	3.2
518.88	5.3	3.2
512.53	5.4	3.4
503.56	5.4	3.1
498.83	5.3	4.1
498.06	5.2	3.4
494.09	4.8	3.8
494.78	4.7	4.5
499.58	4.7	3.9
490.7	4.6	4.4
487.14	4.6	4.7
499.19	4.5	4.1
516.62	4.6	4
529.54	4.5	4.3
533.27	4.5	4.5
538.26	4.5	4.2
544.54	4.5	4.7
546	4.5	4.3
543.88	4.6	4.6
533.76	4.4	4.6
545.23	4.4	4.5
541.34	4.3	4.4
572.55	4.3	5.1
580.15	4.3	4.5
566.3	4.3	4.4
549.29	4.1	4.4
531.98	4.1	5.2
530.51	4.1	4.7
523.78	4.1	5
518.73	4.1	4.9
512.96	3.9	5
515.57	3.9	4.9
561.5	3.8	5
649.37	3.9	5
649.37	4.2	3.7
649.37	4.3	4
884.89	4.4	4
887.04	4.5	3.6
875.71	4.6	3.7
892.37	4.2	3.4
916.97	4.9	3.2
919.38	4.9	3.6
866.72	4.9	3.2
738.07	4.8	3.2
687.99	4.7	4.2
657.76	4.7	4.6
658.44	4.7	3.6
643.38	4.5	4.4
609.72	4.5	4.6
593.77	4.5	4.5
550.23	4.5	4.6
530.58	4.4	4.2
526.58	4.3	4.3
523.8	4.2	5
514.38	4.3	4.6
515.53	4.2	4.1
545.45	4.2	4.1
650.58	4.1	4.6
784.87	4.3	3.5
853.96	4.1	3.7
883.35	4.7	3.4
904.06	4.9	3.3
877.84	5	3.2
890.17	5.1	2.9
908.86	5.2	2.7
900.39	5.2	2.7
858.11	5.2	3.1
760.05	5.3	2.8
684.88	5.3	3.1
674.62	5.2	3.3
671.28	5.1	3.7
661.25	4.9	3.6
619.81	4.8	3.7
588.21	4.7	3.8
566.36	4.6	4.1
564.49	4.6	3.8
569.78	4.5	3.9
563.63	4.4	4
551.56	4.4	4.1
545.75	4.3	4
567	4.4	3.9
635.28	4.4	4.1
762.6	4.7	4
852.27	4.8	3.4
886.29	5.1	3.1
895.27	5	3.2
875.32	5.1	3.1
897.92	5.1	2.7
899.95	5.2	2.6
890.9	5.2	2.5
839.77	5.5	2.7
723.78	5.4	2.5
675.57	5.2	2.5
661.38	5.4	2.7
651.91	5.5	2.6
640.25	5.5	2.5
621.62	5.6	2.6
581.38	5.5	2.7
569.45	5.4	2.6
562.77	5.5	2.9
555.48	5.4	2.6
549.58	5.5	2.7
535.93	5.5	2.8
532.96	5.5	2.7
569.71	5.6	2.8
651.81	5.6	2.7
771.43	5.5	3.1
840.92	5.1	3
868.43	5	2.3
890.37	5	2.7
874.51	5.1	2.7
886.47	5.4	2.3
906.53	5.6	2.2
904.54	5.7	2.3
849.93	5.8	2.1
763.3	5.8	2.2
694.8	5.1	3.3
664.55	5.1	2.8
666.91	5.2	3.1
662.33	5.2	3.6
623.62	5.2	3.6
573.72	5	2.7
553.85	5	3.4
546.84	5	3.6
536.3	5.1	3.3
526.2	4.9	3.6
521.71	4.8	3.5
522.91	4.8	3.8
557.43	4.7	3.7
627.38	4.7	3.6
765.66	4.8	3.5
852.25	4.9	3
883.68	5.1	3
897.7	5.1	2.7
880.12	5.2	2.6
883.57	5.4	2.4
871.43	5.6	2.4
841.94	5.5	2.1
810.82	5.7	2.2
679.75	5.2	2.2
641.74	6.1	1.9
620.67	6.2	2.2
605.29	6.2	2.2
573.96	6.2	2.5
539	5.9	2.4
535.15	5.8	2.3
529.95	5.8	2.6
513.06	6.4	2.5
505.24	6.5	2.5
500.39	6.5	2.5
499.23	6.2	3.3
500.02	5.7	3.5
499.62	5.3	4.3
494.55	5	4
489.74	5	4.4
517.35	4.7	3.9
544.12	4.9	4.2
565.46	4.8	4.6
575.3	4.9	3.9
586.68	5	3.6
592.07	4.9	3.5
596.41	4.9	4
595.46	4.9	4.1
575.04	4.8	4.4
573.76	4.7	3.6
563.01	4.6	4.1
558.11	4.5	3.8
559.76	4.3	3.7
564.07	4.3	5.1
547.98	4.3	4.6
532.66	4.3	4.9
518.56	4.1	4.7
512.64	3.5	4.4
509.54	4.3	4
508.17	4.1	5
508.18	4.1	5
506.83	4.1	4.8
491.38	3.9	4.6
492.62	4	3.8
501.91	4	4.1
524.86	4.2	4.1
547.91	4.2	4.5
555.52	4.4	4
555.93	4.5	3.9
561.57	4.5	3.9
574.46	4.6	4.1
578.43	4.6	3.8
569.3	4.6	4
573.11	4.5	3.6
580.23	4.4	4.2
578.69	4.4	4.1
572.72	4.3	4
556.02	4.2	4
542.11	4.2	4.2
526.01	4.1	4.6
513.21	4	4.7
500.76	3.8	4.5
495.76	4	5
498.35	3.8	4.3
504.53	3.8	5.1
543.79	3.9	4.6
641.87	3.9	4.6
769.65	4.2	4.1
860.19	4.6	4.1
899.07	5	3.7
909.79	5	3.7
896.89	5.3	3.7
900.46	5.1	3.5
916.85	5.1	3.3
921.74	5.2	3.5
862.66	5.2	3.2
741.01	5.1	4.3
678.05	5.1	3.9
664.81	5.1	3.5
651.7	4.9	4.6
646.86	4.8	4
615.55	4.9	4.2
590.61	4.8	4.1
558.52	4.8	4.5
551	4.8	3.9
540.85	4.7	3.7
526.01	4.7	4.2
521.69	4.6	4.1
521.96	4.7	4.3
552.88	4.8	4.6
643.6	4.9	4.6
786.24	5.1	3.9
861.75	5.3	3.5
882.9	5.5	3.5
892.45	5.7	2.7
893.1	5.5	3
905.74	5.6	2.9
905.21	5.5	2.8
903.48	5.4	2.7
870.25	5.3	2.8
769.67	5.5	2.9
681.67	5.5	3.1
662.46	5.7	3.2
677.63	5.4	3.3
666.84	5.4	3.4
644.53	5.2	3.6
593.21	5.1	3.7
556.71	5	3.7
551.4	4.9	4
539.32	4.7	3.9
528.99	4.7	4
525.12	4.6	4.2
519.92	4.5	4
546.47	4.5	4.1
626.88	4.5	4
782.36	4.9	3.9
858.14	5.2	3.5
888.34	5.6	3
904.7	5.7	2.8
885.15	5.6	2.7
890.2	5.6	2.7
903.4	5	2.5
914.17	5.2	2.5
860.31	5.1	2.4
736.98	5.2	2.7
667.71	5.3	2.8
652.52	5.3	2.9
643.69	5.4	2.9
631.72	5.4	3
593.68	5.1	2.9
552.45	4.9	3
536.15	5.1	3.4
529.77	4.9	3.1
528.14	5	3.2
519.74	5	3.1
520.65	5	3.3
521.64	5.1	3.1
556.84	5	3.2
638.67	5	3.3
769.22	5	2.9
859.45	5.2	2.5
888.38	5.3	2.4
899.67	5.4	2
889.13	5.7	2.1
914.07	6.6	2
913.46	6.7	1.9
914.51	6.4	2.1
879.96	6.5	2
766.08	7	2.3
680.93	7.2	2.2
658.16	7.1	2.3
663.95	7.1	2.4
663.13	7.1	2.3
647.11	7.1	2.4
601.8	7	2.3
586.5	6.9	2.6
579.23	6.9	2.6
570.38	6.8	2.4
563.51	6.7	2.6
562.85	6.8	2.4
571.4	6.7	2.6
600.58	6.7	2.6
660.26	6.8	2.6
770.84	6.8	2.5
853.24	7.2	2.1
904.07	7.1	1.1
914.32	6.7	0.5
887.36	6.4	0.8
891.4	6.4	0.6
884.41	6.5	3.4
863.12	7.1	2.3
829.15	7	2.1
703.11	6.7	2.5
641.74	6	3
608.53	5.8	3.2
595.17	5.7	3.6
595.7	5.7	3.2
586.68	5.7	3.3
558.77	5.5	4
534	5.5	3.4
530.32	5.5	4.2
526.5	5.4	3.4
523.26	5.2	4
521.78	5.3	4.6
524.8	5.2	4.2
525.91	5	4.4
531.47	4.9	4.3
541.93	5	3.4
561.1	5.1	4.2
576.13	5.3	4
606.89	5.3	3.7
609.21	5.4	3.7
617.37	5.5	3.7
626.16	5.6	3.5
626.77	5.6	3.4
609.55	5.7	3.5
572.76	5.6	3.4
555.35	5.4	3.7
547.9	5.4	3.8
541.6	5.4	3.9
546.11	5.2	3.9
536.62	5.1	4
531.38	5.1	4
524.35	5.1	4.3
514.38	5.1	5
509.65	5.2	4.2
508.38	5.1	3.7
507.4	5.1	5.3
508.63	5.1	4
507.3	4.9	4.1
492.51	4.7	4.2
493.8	4.8	4.2
507.97	4.9	4.1
519.03	5.3	4.1
536.71	5.5	3.9
548.61	5.5	3.5
561.84	5.5	3.5
576.49	5.4	3.3
579.3	5.4	3.3
576.59	5.3	3.4
577.92	5.2	3.3
572.06	5.5	3.4
577.95	5.7	3.5
580.91	5.6	3.4
580.62	5.6	3.6
566.8	5.6	3.5
557.11	5.5	3.9
523.85	5.6	3.8
507.74	5.5	4.1
495.46	5.4	4.1
495.17	5.5	4.1
493.02	5.4	4.1
499.21	5.4	4.1
549.23	5.5	4.3
642.78	5.5	3.4
769.93	5.7	3.8
859	5.7	3.4
906.76	5.6	3
904.2	5.8	2.7
887.54	5.8	2.6
884.14	5.7	2.6
916.3	5.8	2.5
901.52	5.8	2.4
861.36	6.9	2.2
761.01	6.3	2.5
691.53	6	2.8
679.48	5.9	3
679.4	5.8	3.1
654.19	5.9	3.3
614.71	5.9	3.5
589.68	5.8	3.3
559.05	5.8	3.8
532.54	5.8	3.8
511.99	5.8	3.6
505.95	5.9	3.7
503.95	5.8	3.8
511.37	5.6	3.8
574.57	5.6	3.8
641.89	5.6	4
760.11	5.9	3
831.86	6	2.9
858.73	5.8	2.8
871.76	6	2.4
863.63	6.1	2.5
883.99	6.1	2.2
892.5	6.2	2.1
896.36	6.1	2
843.02	5.8	2
730.45	5.8	2.2
655.36	5.8	2.4
646.36	5.6	2.5
668.57	5.4	2.4
661.21	5.4	2.5
639.53	5.3	2.7
619.25	5.3	2.6
595.05	5.5	2.7
576.38	5.3	2.9
560.59	5.4	3
555.43	5.5	2.9
548.76	5.5	2.8
548.48	5.5	2.8
575.86	5.7	2.8
646.39	5.5	2.8
773.04	5.9	2.7
845.03	6	2.3
868.73	6.2	2.2
886.1	6.2	2.1
881.32	6.2	2.1
891.72	6.2	2
901.7	6.3	2.1
901.88	6.1	1.8
845.49	6.3	1.9
728.09	6.2	2
672.24	6.3	2
662.28	6.1	2.1
658.2	6.1	2.1
638.21	6.1	2.1
630.86	6.1	2.2
588.46	6	2.1
579.64	5.9	2.3
562.22	6	2.2
542.02	5.7	2.5
533.22	5.8	2.4
527.87	5.8	2.5
533.95	5.8	2.4
568.58	5.7	2.4
638.09	5.6	2.4
773.54	5.8	2.3
854.96	6.1	1.9
872.34	6.1	1.8
885.04	6.1	1.8
866.4	6.1	1.8
892.36	6.3	1.7
891.55	6.4	1.7
890.67	6.3	1.7
840.95	6.2	1.8
743.67	5.9	2
665.52	6.2	2.2
641.83	6.1	2.7
647.56	5.9	3.4
635.67	5.7	3.2
592.64	5.5	3.4
573.75	5.4	4.2
550.04	5.2	3.5
540.67	4.7	3.9
525.49	4.5	3.6
520.52	4.6	3.5
525.57	4.6	4
527.11	4.6	3.9
562.94	4.7	4
620.38	4.2	4
755.42	4.3	3.9
831.56	4.8	3.8
875.96	4.7	3.4
894.03	4.8	3.2
873.94	4.8	3.2
867.03	5.4	3
875.92	5.4	3.1
858.3	5.4	3.1
815.44	5.4	3.2
659.63	5.3	3.4
605.26	5.1	3.6
586.11	5.2	3.8
585.94	5.1	3.7
576.88	5.1	3.9
555.81	4.9	4.7
507.04	4.2	3.8
497.19	4.3	4.1
488.21	4.2	4.3
481.44	4.1	4.1
481.76	4.2	4
479.36	4.1	4
476.21	4	3.9
478.21	3.9	4.2
481.56	3.9	4.1
481.46	4	3.9
496.5	4	3.9
532.13	4	4.1
558.91	4	3.9
554.89	4	3.9
546.53	4.1	3.7
539.23	4	3.8
547.87	4	3.9
550.25	4.1	3.7
518.25	4.1	3.9
511.57	4.2	4.2
507.41	4.3	3.4
502.57	4.2	4.1
498.09	4.2	4.1
494.63	4.1	3.9
499.35	4.2	3.9
490.03	4.1	4
485.5	4.1	4
478.97	4	4.1
476.56	4	4
473.63	4.1	4
476.97	3.9	4.1
474.74	3.9	4
467.62	3.8	3.9
466.6	3.8	4.1
469.74	3.7	4.4
477.99	3.8	4
496.93	3.8	4.1
521.81	3.9	4
524.55	4	3.9
527.18	4.2	4
534.65	4.2	4
543.76	4.2	3.8
543.32	4.2	3.8
546.03	4.2	3.8
546.42	4.2	3.8
537.74	4.1	4.1
530.95	4.2	3.8
520.62	4.2	4
510.62	4.1	4.1
508.75	4.2	4
496.28	4.1	4
480.11	4.1	4
468.36	4	4.2
469.57	4.1	4.2
470.4	4	4.3
515.56	4	4.2
591.75	4	4.3
726.45	4.2	4.2
808.99	4.5	3.6
843.03	4.5	3.5
861.76	5.1	2.7
856.09	5.3	3.3
857.26	4.1	3.6
870.62	5	3.1
865.2	5.4	2.5
835.72	5.6	2.9
734.8	5.5	2.8
665.85	5	3
663.17	4.8	3.6
653.68	4.9	4
627.57	4.7	3.1
571.17	4.9	3.5
552.96	4.9	3.7
533.24	4.8	3.7
514.53	4.9	4
501.08	4.7	4
489.85	4.7	4
480.27	4.4	4.2
490.56	4.4	3.8
524.44	4.5	4
604.58	4.5	4
740.47	4.5	4.2
821.06	5	3.7
845.95	5.2	3
842.6	5.3	3.4
841.15	5.3	3.1
844.3	5.5	3
832.23	5.7	2.8
841.74	5.6	2.8
813.13	5.4	2.6
715.87	5.4	2.7
637.45	5.5	2.9
620.21	5.4	3.4
620.86	5.3	3.5
608.5	5.4	3.6
579.31	5.1	3.4
549.62	5.2	3.6
527.24	5.2	3.5
510.26	5.2	3.9
495.68	5	4.3
487.52	5.1	3.7
483.26	5.1	3.9
483.99	5	3.4
523.09	4.9	3.7
607.32	4.8	3.9
736.83	5.1	4
829.25	5.3	4.2
852.1	5.5	3.9
867.98	5.3	3.8
876.69	5.3	4
870.21	5.3	4.1
893.9	5.2	3.7
887.14	5.4	4.1
838.47	5.3	4
743.89	5.4	4.1
682.46	5.1	3.5
674.73	5.1	4.4
671.75	5.1	4.2
648.41	5.1	4.2
626.82	5	4.1
601.27	4.9	4.3
572.11	4.9	4.3
541.41	4.9	4.2
521.18	4.8	4.5
514.57	4.9	4.4
506.47	4.9	4.4
511.71	4.7	4.4
548.62	4.8	4.5
618.03	4.7	4.4
759.04	4.9	4.1
827.97	4.9	3.7
851.78	5.1	2.9
863.25	5.1	3.4
846.44	5.2	3.1
864.1	5.3	3.1
885.45	5.4	3.1
880.91	5.4	3.6
840.87	5.2	4
758.25	5.3	4.1
677.41	5.1	4
657.37	5.1	4.3
646.95	5	4.3
640.24	4.9	3.5
601.19	4.9	5
579.61	4.8	4.5
558.54	4.8	4.4
544.05	4.7	4.4
528.98	4.6	4.5
524.82	4.5	4.6
521.12	4.6	4.7
518.97	4.4	4.7
535.59	4.4	4.7
613.82	4.3	4.6
744.22	4.5	3.6
