0.00000  1.00000
0.02000  0.99980
0.03999  0.99920
0.05996  0.99820
0.07991  0.99680
0.09983  0.99500
0.11971  0.99281
0.13954  0.99022
0.15932  0.98723
0.17903  0.98384
0.19867  0.98007
0.21823  0.97590
0.23770  0.97134
0.25708  0.96639
0.27636  0.96106
0.29552  0.95534
0.31457  0.94924
0.33349  0.94275
0.35227  0.93590
0.37092  0.92866
0.38942  0.92106
0.40776  0.91309
0.42594  0.90475
0.44395  0.89605
0.46178  0.88699
0.47943  0.87758
0.49688  0.86782
0.51414  0.85771
0.53119  0.84726
0.54802  0.83646
0.56464  0.82534
0.58104  0.81388
0.59720  0.80210
0.61312  0.78999
0.62879  0.77757
0.64422  0.76484
0.65938  0.75181
0.67429  0.73847
0.68892  0.72484
0.70328  0.71091
0.71736  0.69671
0.73115  0.68222
0.74464  0.66746
0.75784  0.65244
0.77074  0.63715
0.78333  0.62161
0.79560  0.60582
0.80756  0.58979
0.81919  0.57352
0.83050  0.55702
0.84147  0.54030
0.85211  0.52337
0.86240  0.50622
0.87236  0.48887
0.88196  0.47133
0.89121  0.45360
0.90010  0.43568
0.90863  0.41759
0.91680  0.39934
0.92461  0.38093
0.93204  0.36236
0.93910  0.34365
0.94578  0.32480
0.95209  0.30582
0.95802  0.28672
0.96356  0.26750
0.96871  0.24818
0.97348  0.22875
0.97786  0.20924
0.98185  0.18964
0.98545  0.16997
0.98865  0.15023
0.99146  0.13042
0.99387  0.11057
0.99588  0.09067
0.99749  0.07074
0.99871  0.05078
0.99953  0.03079
0.99994  0.01080
0.99996 -0.00920
0.99957 -0.02920
0.99879 -0.04918
0.99761 -0.06915
0.99602 -0.08908
0.99404 -0.10899
0.99166 -0.12884
0.98889 -0.14865
0.98572 -0.16840
0.98215 -0.18808
0.97820 -0.20768
0.97385 -0.22720
0.96911 -0.24663
0.96398 -0.26596
0.95847 -0.28519
0.95258 -0.30430
0.94630 -0.32329
0.93965 -0.34215
0.93262 -0.36087
0.92521 -0.37945
0.91744 -0.39788
0.90930 -0.41615
0.90079 -0.43425
0.89193 -0.45218
0.88271 -0.46992
0.87313 -0.48748
0.86321 -0.50484
0.85294 -0.52201
0.84233 -0.53896
0.83138 -0.55570
0.82010 -0.57221
0.80850 -0.58850
0.79657 -0.60455
0.78432 -0.62036
0.77175 -0.63592
0.75888 -0.65123
0.74571 -0.66627
0.73223 -0.68105
0.71847 -0.69556
0.70441 -0.70979
0.69008 -0.72374
0.67546 -0.73739
0.66058 -0.75075
0.64544 -0.76381
0.63003 -0.77657
0.61438 -0.78901
0.59847 -0.80114
0.58233 -0.81295
0.56596 -0.82443
0.54936 -0.83559
0.53254 -0.84641
0.51550 -0.85689
0.49826 -0.86703
0.48082 -0.87682
0.46319 -0.88626
0.44538 -0.89534
0.42738 -0.90407
0.40922 -0.91244
0.39089 -0.92044
0.37240 -0.92807
0.35377 -0.93533
0.33499 -0.94222
0.31608 -0.94873
0.29704 -0.95486
0.27789 -0.96061
0.25862 -0.96598
0.23925 -0.97096
0.21979 -0.97555
0.20023 -0.97975
0.18060 -0.98356
0.16089 -0.98697
0.14112 -0.98999
0.12130 -0.99262
0.10142 -0.99484
0.08150 -0.99667
0.06156 -0.99810
0.04158 -0.99914
0.02159 -0.99977
0.00159 -1.00000
-0.01840 -0.99983
-0.03840 -0.99926
-0.05837 -0.99829
-0.07832 -0.99693
-0.09825 -0.99516
-0.11813 -0.99300
-0.13796 -0.99044
-0.15774 -0.98748
-0.17746 -0.98413
-0.19711 -0.98038
-0.21667 -0.97624
-0.23615 -0.97172
-0.25554 -0.96680
-0.27482 -0.96150
-0.29400 -0.95581
-0.31305 -0.94974
-0.33198 -0.94329
-0.35078 -0.93646
-0.36944 -0.92926
-0.38795 -0.92168
-0.40630 -0.91374
-0.42450 -0.90543
-0.44252 -0.89676
-0.46036 -0.88773
-0.47802 -0.87835
-0.49549 -0.86861
-0.51277 -0.85853
-0.52983 -0.84810
-0.54669 -0.83734
-0.56332 -0.82624
-0.57974 -0.81480
-0.59591 -0.80305
-0.61186 -0.79097
-0.62755 -0.77858
-0.64300 -0.76587
-0.65818 -0.75286
-0.67311 -0.73954
-0.68776 -0.72593
-0.70214 -0.71203
-0.71624 -0.69785
-0.73006 -0.68339
-0.74358 -0.66865
-0.75680 -0.65365
-0.76972 -0.63838
-0.78233 -0.62286
-0.79463 -0.60709
-0.80662 -0.59108
-0.81828 -0.57483
-0.82961 -0.55835
-0.84061 -0.54164
-0.85127 -0.52472
-0.86160 -0.50760
-0.87157 -0.49026
-0.88120 -0.47274
-0.89048 -0.45502
-0.89940 -0.43712
-0.90797 -0.41904
-0.91616 -0.40080
-0.92400 -0.38240
-0.93146 -0.36384
-0.93855 -0.34514
-0.94526 -0.32631
-0.95160 -0.30734
-0.95756 -0.28824
-0.96313 -0.26904
-0.96832 -0.24972
-0.97312 -0.23031
-0.97753 -0.21080
-0.98155 -0.19121
-0.98518 -0.17154
-0.98841 -0.15180
-0.99125 -0.13201
-0.99369 -0.11216
-0.99573 -0.09226
-0.99738 -0.07233
-0.99863 -0.05237
-0.99948 -0.03239
-0.99992 -0.01239
-0.99997  0.00761
-0.99962  0.02760
-0.99887  0.04759
-0.99772  0.06756
-0.99616  0.08750
-0.99422  0.10740
-0.99187  0.12726
-0.98913  0.14707
-0.98599  0.16682
-0.98245  0.18651
-0.97853  0.20612
-0.97421  0.22565
-0.96950  0.24508
-0.96441  0.26442
-0.95893  0.28366
-0.95306  0.30278
-0.94682  0.32178
-0.94019  0.34065
-0.93319  0.35938
-0.92582  0.37797
-0.91807  0.39641
-0.90996  0.41469
-0.90149  0.43281
-0.89265  0.45075
-0.88346  0.46851
-0.87391  0.48609
-0.86401  0.50347
-0.85377  0.52065
-0.84319  0.53762
-0.83227  0.55437
-0.82102  0.57090
-0.80944  0.58721
-0.79753  0.60328
-0.78531  0.61911
-0.77277  0.63469
-0.75992  0.65002
-0.74677  0.66508
-0.73332  0.67989
-0.71957  0.69442
-0.70554  0.70867
-0.69123  0.72263
-0.67664  0.73631
-0.66178  0.74970
-0.64665  0.76278
-0.63127  0.77556
-0.61563  0.78803
-0.59975  0.80019
-0.58363  0.81202
-0.56727  0.82353
-0.55069  0.83471
-0.53389  0.84556
-0.51687  0.85606
-0.49965  0.86623
-0.48222  0.87605
-0.46461  0.88552
-0.44680  0.89463
-0.42882  0.90339
-0.41067  0.91178
-0.39235  0.91981
-0.37388  0.92748
-0.35526  0.93477
-0.33649  0.94169
-0.31759  0.94823
-0.29857  0.95439
-0.27942  0.96017
-0.26016  0.96556
-0.24080  0.97057
-0.22134  0.97520
-0.20179  0.97943
-0.18217  0.98327
-0.16247  0.98671
-0.14270  0.98977
-0.12288  0.99242
-0.10301  0.99468
-0.08309  0.99654
-0.06315  0.99800
-0.04318  0.99907
-0.02319  0.99973
-0.00319  0.99999
