       480          2         10          2          1          0        100 
       470          2         10          2          1          0        100 
       320          2         13          4          3          0        100 
       250          1         13          4          3          0        100 
       140          1         13          4          3          0        100 
       520          3         10          2          3          0        100 
       470          2         10          2          3          0        100 
       360          2         10          3          3          0        100 
       380          2         10          3          3          0        100 
       570          3         10          3          3          0        100 
       890          3         13          4          4          0        100 
      1500          4         13          2          4          0        100 
      2000          4         13          2          4          0        100 
      3500         10         13          1          2          0         75 
       200          1         13          4          2          0        100 
       240          1         13          4          2          0        100 
      2360          6         13          2          2          0        100 
       250          1         13          4          2          0        100 
       870          3         10          3          2          0        100 
      4780          9         10          1          1          0         75 
      6300          6         13          1          1          0         75 
      2100          8         13          2          1          0        100 
       250          1         13          4          1          0        100 
       140          1         13          4          1          0        100 
       720          3         10          3          1          0        100 
       650          3         10          3          1          0        100 
       320          2         10          3          1          0        100 
       550          3         10          3          2          0        100 
      1500          4         10          2          2          0        100 
      3500          6         13          2          4          0         75 
       150          1         15          4          4          0        100 
       120          1         10          3          5          0        100 
       300          1         10          3          1          0        100 
       600          3         10          3          1          0        100 
      1200          5         10          2          1          0         75 
       750          3         10          3          1          0        100 
       900          3         10          3          1          0        100 
      3500          6         13          1          1          0        100 
      2500          6         13          2          1          0         75 
      1500          4         13          4          1          0         75 
       390          2         13          4          1          0        100 
       450          2         13          4          1          0        100 
       210          1         10          3          2          0        100 
       330          2         10          3          2          0        100 
      1500          5         10          2          2          0         75 
      1700          4         10          2          2          0         75 
       150          1         13          4          2          0        100 
       290          1         13          4          2          0        100 
       430          2         13          4          2          0        100 
       850          3         13          4          2          0        100 
      1250          7         13          2          2          0         75 
        45          2         13          3          3          0        100 
       300          1         13          3          3          0        100 
       730          3         13          3          3          0        100 
       960          3         13          3          3          0        100 
       430          2         13          3          3          0        100 
       210          1         10          4          3          0        100 
       540          3         10          4          3          0        100 
       830          3         10          4          3          0        100 
       320          2         10          4          3          0        100 
       450          2         10          2          1          0        100 
       320          2         10          2          1          0        100 
       970          3         10          3          2          0        100 
       650          3         10          3          2          0        100 
       230          1         10          3          2          0        100 
       150          1         13          4          2          0        100 
       240          1         13          4          2          0        100 
      1000          5         20          5          7          1         25 
      5000          4         20          5          7          1         25 
      2000         20         24          4          1          0         25 
      5000         21         22          3          3          0         25 
     10000         20         18          4          5          0         25 
      3000         20         18          4          7          1          0 
      6000         21         20          4          7          1          0 
      5000         20         23          5          6          1          0 
      3000         21         24          5          6          1          0 
     10000         20         20          5          2          0          0 
      5000         21         22          5          4          0          0 
       900          3         10          3          2          0        100 
       200          1         13          4          4          0        100 
       640          3         15          2          4          0        100 
       360          2         10          3          5          0        100 
       870          3         10          3          5          0        100 
       150          1         10          3          5          0        100 
      2000          8         15          2          5          0        100 
      3200         10         15          1          5          0        100 
      5400         10         15          1          5          0         75 
      2600          8         15          2          5          0         75 
      3700          9         15          1          5          0        100 
      6900         10         15          1          5          0         75 
      3000          6         15          2          5          0         75 
      1500          5         13          2          5          0        100 
      1200          5         13          2          5          0        100 
       450          2         10          4          5          0        100 
       650          3         10          4          5          0        100 
       700          3         10          4          5          0        100 
       600          3         10          4          5          0        100 
      1800          3         10          3          5          0         75 
      5000          1         15          2          6          1         50 
      3000          2         15          2          6          1         50 
      2000          3         10          1          6          1         50 
      3000          5         10          1          6          1         50 
      2000          1         13          4          1          0         50 
      5000          2         13          3          1          0         50 
      2000          5         20          3          3          0         50 
      1000          2         18          5          6          1         25 
      2500          6         18          5          6          1         25 
       180          1         10          3          2          0        100 
       790          3         10          4          3          0        100 
       900          3         13          3          4          0        100 
       310          2         13          3          4          0        100 
       150          1         13          3          4          0        100 
      1300          4         13          2          4          0         75 
      3000          5         13          1          4          0        100 
      2900          8         13          2          4          0         75 
      5000          9         13          1          4          0        100 
       300          1         10          4          4          0        100 
       800          3         10          4          4          0        100 
       700          3         10          4          4          0        100 
       470          2         10          2          5          0        100 
       860          3         10          2          5          0        100 
      1500          4         13          3          5          0        100 
      5400          9         15          1          5          0         75 
      3200         10         15          1          5          0         75 
      2300         10         15          1          5          0         75 
      4700          9         15          1          5          0         75 
      4330          9         15          1          5          0         75 
       550          3         10          2          5          0        100 
